AUTHENTICATION CHALLENGES AND RESPONSES
==================================================

CHALLENGES FOUND: 49
------------------------------
Challenge 1:
  Line: 20
  Type: 25-byte challenge
  Timestamp: 1760932578
  Binary Data: 11111111 11111111 00100101 01000000 00000000 00000000 00000000 00000000 00000000 00010010 00010000 00000010 00000000 00000001 11011001 10010011 11100100 11001000 11010011 01110100 10010101 00011100 00000001 10100011 11101111

Challenge 2:
  Line: 30
  Type: 37-byte challenge
  Timestamp: 1760932581
  Binary Data: 11111111 11111111 00100101 01000000 00000000 00000000 00000000 00000000 00000000 00010001 00010000 00000010 00000000 00000001 01011001 01110001 01000101 01010110 01010011 01010100 01010010 01001111 00000001 10011100 00100001 11000100 01000100 00001000 00110111 00000011 01110000 10111011 11100100 11101111 01010000 10001010 10000110

Challenge 3:
  Line: 70
  Type: 25-byte challenge
  Timestamp: 1760932638
  Binary Data: 11111111 11111111 00100101 01000000 00000000 00000000 00000000 00000000 00000000 00010010 00010000 00000010 00000000 00000001 11011111 10101111 00101110 11011001 10010011 00110111 10010110 11110011 00000001 00110101 11000010

Challenge 4:
  Line: 80
  Type: 37-byte challenge
  Timestamp: 1760932642
  Binary Data: 11111111 11111111 00100101 01000000 00000000 00000000 00000000 00000000 00000000 00010001 00010000 00000010 00000000 00000001 01010001 00110000 01111000 01100010 01110001 01010110 01010001 01110101 00000001 01001110 11100111 10101100 10101001 00000100 00110011 01100111 01110101 01100110 10010100 11111011 01110110 00101100 00000101

Challenge 5:
  Line: 121
  Type: 25-byte challenge
  Timestamp: 1760932705
  Binary Data: 11111111 11111111 00100101 01000000 00000000 00000000 00000000 00000000 00000000 00010010 00010000 00000010 00000000 00000001 01110100 11111010 00000111 01110111 11100101 11010100 11001010 00000000 00000001 00001111 01001001

Challenge 6:
  Line: 131
  Type: 37-byte challenge
  Timestamp: 1760932709
  Binary Data: 11111111 11111111 00100101 01000000 00000000 00000000 00000000 00000000 00000000 00010001 00010000 00000010 00000000 00000001 00111000 01101100 00111001 01001111 01100110 01110110 00110011 01110000 00000001 10101101 11010011 11010001 11010000 10010111 10100001 00010111 10101001 10100101 01000001 11000100 10010001 11001100 00101000

Challenge 7:
  Line: 171
  Type: 25-byte challenge
  Timestamp: 1760932764
  Binary Data: 11111111 11111111 00100101 01000000 00000000 00000000 00000000 00000000 00000000 00010010 00010000 00000010 00000000 00000001 01001101 10100110 01110010 10001010 01111100 11101110 01000000 01000011 00000001 00010011 00011001

Challenge 8:
  Line: 177
  Type: 37-byte challenge
  Timestamp: 1760932767
  Binary Data: 11111111 11111111 00100101 01000000 00000000 00000000 00000000 00000000 00000000 00010001 00010000 00000010 00000000 00000001 01010111 01101000 00111000 01100110 01010101 00110010 01101000 01010111 00000001 10001111 00001001 10010101 00000100 01101000 11101111 01011111 11101011 01011100 10111100 01100111 10010001 10110100 01000010

Challenge 9:
  Line: 215
  Type: 25-byte challenge
  Timestamp: 1760932827
  Binary Data: 11111111 11111111 00100101 01000000 00000000 00000000 00000000 00000000 00000000 00010010 00010000 00000010 00000000 00000001 01011000 10111111 10101001 00111101 11111011 01000011 00101011 01111101 00000001 11011101 11010000

Challenge 10:
  Line: 225
  Type: 25-byte challenge
  Timestamp: 1760932833
  Binary Data: 11111111 11111111 00100101 01000000 00000000 00000000 00000000 00000000 00000000 00010010 00010000 00000010 00000000 00000001 01011000 10111111 10101001 00111101 11111011 01000011 00101011 01111101 00000001 11011101 11010000

Challenge 11:
  Line: 227
  Type: 37-byte challenge
  Timestamp: 1760932834
  Binary Data: 11111111 11111111 00100101 01000000 00000000 00000000 00000000 00000000 00000000 00010001 00010000 00000010 00000000 00000001 01110110 01010011 00110011 01011010 01100111 00110000 01010101 01100010 00000001 00111110 00011101 11000100 11000010 00001111 11010100 10001010 10111100 11110111 00001100 11110010 01110011 00010110 11011011

Challenge 12:
  Line: 233
  Type: 37-byte challenge
  Timestamp: 1760932835
  Binary Data: 11111111 11111111 00100101 01000000 00000000 00000000 00000000 00000000 00000000 00010001 00010000 00000010 00000000 00000001 01110001 01101010 01010101 01110101 01101001 00110101 01101110 01000101 00000001 10101111 01110010 10000010 11110111 10111011 10011010 01000100 11000000 11000111 01100110 00110101 10010110 00011110 11000110

Challenge 13:
  Line: 269
  Type: 25-byte challenge
  Timestamp: 1760932891
  Binary Data: 11111111 11111111 00100101 01000000 00000000 00000000 00000000 00000000 00000000 00010010 00010000 00000010 00000000 00000001 10010110 01011010 10000110 10011010 01110111 11100101 01001001 00010110 00000001 11110111 01000101

Challenge 14:
  Line: 279
  Type: 37-byte challenge
  Timestamp: 1760932894
  Binary Data: 11111111 11111111 00100101 01000000 00000000 00000000 00000000 00000000 00000000 00010001 00010000 00000010 00000000 00000001 01101111 01110000 00110001 01011010 01001111 01011001 01101010 01100011 00000001 10110100 01111001 10111001 10011000 00110011 10100011 11111101 11010010 00001001 10110100 01101011 11101010 11011110 10010100

Challenge 15:
  Line: 321
  Type: 25-byte challenge
  Timestamp: 1760932948
  Binary Data: 11111111 11111111 00100101 01000000 00000000 00000000 00000000 00000000 00000000 00010010 00010000 00000010 00000000 00000001 11000110 11111000 01011010 01000010 11111110 00110100 00100101 00010101 00000001 11010111 11011111

Challenge 16:
  Line: 331
  Type: 37-byte challenge
  Timestamp: 1760932951
  Binary Data: 11111111 11111111 00100101 01000000 00000000 00000000 00000000 00000000 00000000 00010001 00010000 00000010 00000000 00000001 01110010 01101000 01101110 01101101 01010111 01001000 00111000 01110011 00000001 00010111 10100011 11101010 11101001 11110110 00110010 00011110 11110010 01111100 01011100 10001110 01011000 10010101 01101100

Challenge 17:
  Line: 368
  Type: 25-byte challenge
  Timestamp: 1760933016
  Binary Data: 11111111 11111111 00100101 01000000 00000000 00000000 00000000 00000000 00000000 00010010 00010000 00000010 00000000 00000001 10111110 01001000 01010011 01100000 00100111 11111111 01010101 00011011 01100010 00000001 00111111

Challenge 18:
  Line: 378
  Type: 37-byte challenge
  Timestamp: 1760933019
  Binary Data: 11111111 11111111 00100101 01000000 00000000 00000000 00000000 00000000 00000000 00010001 00010000 00000010 00000000 00000001 01000110 00110001 00110110 01101110 01010011 01100010 01001100 01000101 00000001 00100000 11000001 11100100 01101011 00101110 11110111 10100011 11000111 11010011 10111000 10101111 00010110 01100000 10101001

Challenge 19:
  Line: 417
  Type: 25-byte challenge
  Timestamp: 1760933084
  Binary Data: 11111111 11111111 00100101 01000000 00000000 00000000 00000000 00000000 00000000 00010010 00010000 00000010 00000000 00000001 10001000 11111101 10011100 10000010 11101011 11111000 01001011 11111000 00000001 10010010 01011110

Challenge 20:
  Line: 427
  Type: 37-byte challenge
  Timestamp: 1760933087
  Binary Data: 11111111 11111111 00100101 01000000 00000000 00000000 00000000 00000000 00000000 00010001 00010000 00000010 00000000 00000001 01101110 01001100 01010111 01100010 01110011 01100001 01110001 01111000 00000001 10010000 00101111 11111101 01011000 11000001 11101010 01001111 11011110 01000101 10100010 11011011 01000100 01101001 11010101

Challenge 21:
  Line: 465
  Type: 25-byte challenge
  Timestamp: 1760933161
  Binary Data: 11111111 11111111 00100101 01000000 00000000 00000000 00000000 00000000 00000000 00010010 00010000 00000010 00000000 00000001 00001000 01000001 11001010 10001101 00000111 11100110 00010001 11001000 00000001 01001110 01101011

Challenge 22:
  Line: 475
  Type: 37-byte challenge
  Timestamp: 1760933164
  Binary Data: 11111111 11111111 00100101 01000000 00000000 00000000 00000000 00000000 00000000 00010001 00010000 00000010 00000000 00000001 01110011 01010111 00110101 01000101 01010000 01100101 01110111 01001111 00000001 00100110 11111011 11001101 00000011 01111101 11001010 01011000 11001111 01111011 10100111 11010100 01111000 11011110 01000100

Challenge 23:
  Line: 512
  Type: 25-byte challenge
  Timestamp: 1760933245
  Binary Data: 11111111 11111111 00100101 01000000 00000000 00000000 00000000 00000000 00000000 00010010 00010000 00000010 00000000 00000001 00010010 00011011 10001100 01111001 10000000 11010000 00101000 01101100 00000001 01101011 01011010

Challenge 24:
  Line: 522
  Type: 37-byte challenge
  Timestamp: 1760933248
  Binary Data: 11111111 11111111 00100101 01000000 00000000 00000000 00000000 00000000 00000000 00010001 00010000 00000010 00000000 00000001 01001110 01110001 01100111 01010101 01001000 01101111 01100100 01000011 00000001 10000111 10000010 00110000 11111011 01001110 00001011 11011011 00010110 11010100 00101110 10010101 00001111 01111001 11011110

Challenge 25:
  Line: 561
  Type: 25-byte challenge
  Timestamp: 1760933342
  Binary Data: 11111111 11111111 00100101 01000000 00000000 00000000 00000000 00000000 00000000 00010010 00010000 00000010 00000000 00000001 11100101 00001011 00101011 11101110 11001011 10010011 10000000 10011110 00000001 10011011 00001010

Challenge 26:
  Line: 571
  Type: 37-byte challenge
  Timestamp: 1760933345
  Binary Data: 11111111 11111111 00100101 01000000 00000000 00000000 00000000 00000000 00000000 00010001 00010000 00000010 00000000 00000001 01010010 01101110 01010011 01000110 01000111 01100101 01101011 01110011 00000001 10101011 01100000 10011000 11000011 01101010 11100001 10011100 00100100 11011101 10100000 00001111 01100111 01101000 00101001

Challenge 27:
  Line: 610
  Type: 25-byte challenge
  Timestamp: 1760933414
  Binary Data: 11111111 11111111 00100101 01000000 00000000 00000000 00000000 00000000 00000000 00010010 00010000 00000010 00000000 00000001 00000110 10001000 00110100 10110010 11011011 00010000 00000001 11010100 00000001 11000010 01000101

Challenge 28:
  Line: 620
  Type: 37-byte challenge
  Timestamp: 1760933417
  Binary Data: 11111111 11111111 00100101 01000000 00000000 00000000 00000000 00000000 00000000 00010001 00010000 00000010 00000000 00000001 00111001 01001010 00110110 01101010 01101000 01001001 01010111 01000010 00000001 00101110 11111101 00000101 10111110 11110101 00011110 11011000 10111101 00010100 01001101 00111100 11000110 10111100 01101000

Challenge 29:
  Line: 657
  Type: 25-byte challenge
  Timestamp: 1760933490
  Binary Data: 11111111 11111111 00100101 01000000 00000000 00000000 00000000 00000000 00000000 00010010 00010000 00000010 00000000 00000001 01110011 11010111 01001011 01010111 01100001 00010110 00110010 10110110 00000001 00100111 10011010

Challenge 30:
  Line: 667
  Type: 37-byte challenge
  Timestamp: 1760933493
  Binary Data: 11111111 11111111 00100101 01000000 00000000 00000000 00000000 00000000 00000000 00010001 00010000 00000010 00000000 00000001 01110111 01110000 01101101 01110010 00110010 01001000 01110010 01101000 00000001 01110101 00101100 10010000 00010110 10011010 10111111 01000011 11001111 01010000 00100000 11110001 00111100 11001111 10101111

Challenge 31:
  Line: 707
  Type: 25-byte challenge
  Timestamp: 1760933579
  Binary Data: 11111111 11111111 00100101 01000000 00000000 00000000 00000000 00000000 00000000 00010010 00010000 00000010 00000000 00000001 10000000 00111000 10101101 10011011 10011110 10010010 01000101 00010011 00000001 10100000 11001010

Challenge 32:
  Line: 717
  Type: 37-byte challenge
  Timestamp: 1760933582
  Binary Data: 11111111 11111111 00100101 01000000 00000000 00000000 00000000 00000000 00000000 00010001 00010000 00000010 00000000 00000001 01010011 00111001 01010101 01010000 01101010 01001001 01001111 00110011 00000001 00010111 00011000 00010010 11010010 00011010 00000111 10010000 11000100 01001000 10111011 11001111 10100111 10111101 00100101

Challenge 33:
  Line: 760
  Type: 25-byte challenge
  Timestamp: 1760933674
  Binary Data: 11111111 11111111 00100101 01000000 00000000 00000000 00000000 00000000 00000000 00010010 00010000 00000010 00000000 00000001 11111101 11101101 00000000 10000000 10110110 11000011 11000001 10110000 00000001 10000111 01111100

Challenge 34:
  Line: 770
  Type: 25-byte challenge
  Timestamp: 1760933680
  Binary Data: 11111111 11111111 00100101 01000000 00000000 00000000 00000000 00000000 00000000 00010010 00010000 00000010 00000000 00000001 11111101 11101101 00000000 10000000 10110110 11000011 11000001 10110000 00000001 10000111 01111100

Challenge 35:
  Line: 771
  Type: 37-byte challenge
  Timestamp: 1760933680
  Binary Data: 11111111 11111111 00100101 01000000 00000000 00000000 00000000 00000000 00000000 00010001 00010000 00000010 00000000 00000001 01110110 01101110 01001011 01000011 01110010 01100010 00110001 01100001 00000001 11101101 11111001 00101001 11000111 10010001 00010000 01101110 11001000 11011101 00000011 00100100 10010100 11110111 01000111

Challenge 36:
  Line: 814
  Type: 25-byte challenge
  Timestamp: 1760933772
  Binary Data: 11111111 11111111 00100101 01000000 00000000 00000000 00000000 00000000 00000000 00010010 00010000 00000010 00000000 00000001 00000000 11111010 00010001 01001010 01001110 11111111 01010101 11000100 11000010 00000001 10110001

Challenge 37:
  Line: 824
  Type: 37-byte challenge
  Timestamp: 1760933777
  Binary Data: 11111111 11111111 00100101 01000000 00000000 00000000 00000000 00000000 00000000 00010001 00010000 00000010 00000000 00000001 01000011 01111010 01001000 01110101 01101011 00110111 01110011 01101000 00000001 01001111 01010111 01110100 11001010 00011011 10011111 01001110 00111001 10010110 00101110 01000100 00110111 01110001 10001011

Challenge 38:
  Line: 863
  Type: 25-byte challenge
  Timestamp: 1760933852
  Binary Data: 11111111 11111111 00100101 01000000 00000000 00000000 00000000 00000000 00000000 00010010 00010000 00000010 00000000 00000001 01110000 10110011 01100001 00110101 01001001 11001110 00000001 01110011 00000001 01101100 11001010

Challenge 39:
  Line: 873
  Type: 37-byte challenge
  Timestamp: 1760933857
  Binary Data: 11111111 11111111 00100101 01000000 00000000 00000000 00000000 00000000 00000000 00010001 00010000 00000010 00000000 00000001 01110101 01010010 00110001 01011000 01111010 00111001 00110001 01110111 00000001 01110111 00101010 00100001 00001110 00111010 00111110 11011010 00010010 10110001 11101101 01101000 00111000 01011011 00100110

Challenge 40:
  Line: 912
  Type: 25-byte challenge
  Timestamp: 1760933931
  Binary Data: 11111111 11111111 00100101 01000000 00000000 00000000 00000000 00000000 00000000 00010010 00010000 00000010 00000000 00000001 11111001 11000101 10011000 00001011 11101100 11100001 00111000 10100010 00000001 10000101 10111101

Challenge 41:
  Line: 918
  Type: 37-byte challenge
  Timestamp: 1760933934
  Binary Data: 11111111 11111111 00100101 01000000 00000000 00000000 00000000 00000000 00000000 00010001 00010000 00000010 00000000 00000001 01110100 01110111 01110111 01100111 01100101 01100011 01001111 01100111 00000001 01000100 10001011 01000000 00110001 11011010 01001110 00001101 10111110 01011011 00110100 00000111 01100110 01010111 01100000

Challenge 42:
  Line: 955
  Type: 25-byte challenge
  Timestamp: 1760934009
  Binary Data: 11111111 11111111 00100101 01000000 00000000 00000000 00000000 00000000 00000000 00010010 00010000 00000010 00000000 00000001 11100011 01101000 00011110 00010111 11100110 11001010 10000010 10000010 00000001 00001111 10011011

Challenge 43:
  Line: 965
  Type: 37-byte challenge
  Timestamp: 1760934014
  Binary Data: 11111111 11111111 00100101 01000000 00000000 00000000 00000000 00000000 00000000 00010001 00010000 00000010 00000000 00000001 01100101 01110010 00110000 00110101 00111001 01100110 01111001 01011010 00000001 01000001 01110110 10010110 01011100 11100101 01000100 11110111 00001001 00000101 01111111 10111010 10010001 00101010 11001101

Challenge 44:
  Line: 1004
  Type: 25-byte challenge
  Timestamp: 1760934094
  Binary Data: 11111111 11111111 00100101 01000000 00000000 00000000 00000000 00000000 00000000 00010010 00010000 00000010 00000000 00000001 10010001 11100000 01100000 01010001 11001101 10111111 10011001 10100101 00000001 11011000 00101000

Challenge 45:
  Line: 1010
  Type: 37-byte challenge
  Timestamp: 1760934097
  Binary Data: 11111111 11111111 00100101 01000000 00000000 00000000 00000000 00000000 00000000 00010001 00010000 00000010 00000000 00000001 01010001 01000010 00110001 01111001 00110110 01100001 01110101 01011001 00000001 11010100 11011110 01000001 00001110 01011101 01101001 00000011 00001001 10010001 00111111 11011011 10001011 01111110 10000000

Challenge 46:
  Line: 1049
  Type: 25-byte challenge
  Timestamp: 1760934193
  Binary Data: 11111111 11111111 00100101 01000000 00000000 00000000 00000000 00000000 00000000 00010010 00010000 00000010 00000000 00000001 10010101 00110010 10000010 10111110 11000011 01001001 10001011 01101100 00000001 11101011 11000000

Challenge 47:
  Line: 1059
  Type: 25-byte challenge
  Timestamp: 1760934199
  Binary Data: 11111111 11111111 00100101 01000000 00000000 00000000 00000000 00000000 00000000 00010010 00010000 00000010 00000000 00000001 10010101 00110010 10000010 10111110 11000011 01001001 10001011 01101100 00000001 11101011 11000000

Challenge 48:
  Line: 1061
  Type: 37-byte challenge
  Timestamp: 1760934199
  Binary Data: 11111111 11111111 00100101 01000000 00000000 00000000 00000000 00000000 00000000 00010001 00010000 00000010 00000000 00000001 01001101 01101011 01010110 01010011 01100110 01010010 01101000 01101110 00000001 10101110 10001000 01011010 01001010 01000101 11111000 11000011 01001100 11101011 10110110 11100011 11110100 01001010 10001000

Challenge 49:
  Line: 1067
  Type: 37-byte challenge
  Timestamp: 1760934201
  Binary Data: 11111111 11111111 00100101 01000000 00000000 00000000 00000000 00000000 00000000 00010001 00010000 00000010 00000000 00000001 00110011 00111000 01001111 01000010 01010000 01101001 01010001 01100100 00000001 10011010 10000011 00111110 11000010 10011001 01101110 01001000 00001000 01011111 00100011 10110010 01111010 01010001 10000100

RESPONSES FOUND: 76
------------------------------
Response 1:
  Line: 22
  Type: short response
  Timestamp: 1760932579
  Binary Data: 11111111 11111111 00001010 01000000 00000000 00000000 00000000 00000000 00000000 11110011 00000000 00000000 00111101 11010000 11100001

Response 2:
  Line: 25
  Type: long response
  Timestamp: 1760932579
  Binary Data: 11111111 11111111 00001010 01000000 00000000 00000000 00000000 00000000 00000000 11110101 00000000 00000000 00111111 11010001 00000001

Response 3:
  Line: 26
  Type: long response
  Timestamp: 1760932580
  Binary Data: 11111111 11111111 00001010 01000000 00000000 00000000 00000000 00000000 00000000 11110101 00000000 00000000 00111111 11010001 00000001

Response 4:
  Line: 27
  Type: long response
  Timestamp: 1760932580
  Binary Data: 11111111 11111111 00001010 01000000 00000000 00000000 00000000 00000000 00000000 11110101 00000000 00000000 00111111 11010001 00000001

Response 5:
  Line: 72
  Type: short response
  Timestamp: 1760932639
  Binary Data: 11111111 11111111 00001010 01000000 00000000 00000000 00000000 00000000 00000000 11110011 00000000 00000000 00111101 11010000 11100001

Response 6:
  Line: 75
  Type: long response
  Timestamp: 1760932640
  Binary Data: 11111111 11111111 00001010 01000000 00000000 00000000 00000000 00000000 00000000 11110101 00000000 00000000 00111111 11010001 00000001

Response 7:
  Line: 76
  Type: long response
  Timestamp: 1760932640
  Binary Data: 11111111 11111111 00001010 01000000 00000000 00000000 00000000 00000000 00000000 11110101 00000000 00000000 00111111 11010001 00000001

Response 8:
  Line: 77
  Type: long response
  Timestamp: 1760932640
  Binary Data: 11111111 11111111 00001010 01000000 00000000 00000000 00000000 00000000 00000000 11110101 00000000 00000000 00111111 11010001 00000001

Response 9:
  Line: 123
  Type: short response
  Timestamp: 1760932706
  Binary Data: 11111111 11111111 00001010 01000000 00000000 00000000 00000000 00000000 00000000 11110011 00000000 00000000 00111101 11010000 11100001

Response 10:
  Line: 126
  Type: long response
  Timestamp: 1760932706
  Binary Data: 11111111 11111111 00001010 01000000 00000000 00000000 00000000 00000000 00000000 11110101 00000000 00000000 00111111 11010001 00000001

Response 11:
  Line: 127
  Type: long response
  Timestamp: 1760932707
  Binary Data: 11111111 11111111 00001010 01000000 00000000 00000000 00000000 00000000 00000000 11110101 00000000 00000000 00111111 11010001 00000001

Response 12:
  Line: 128
  Type: long response
  Timestamp: 1760932707
  Binary Data: 11111111 11111111 00001010 01000000 00000000 00000000 00000000 00000000 00000000 11110101 00000000 00000000 00111111 11010001 00000001

Response 13:
  Line: 217
  Type: short response
  Timestamp: 1760932828
  Binary Data: 11111111 11111111 00001010 01000000 00000000 00000000 00000000 00000000 00000000 11110011 00000000 00000000 00111101 11010000 11100001

Response 14:
  Line: 220
  Type: long response
  Timestamp: 1760932829
  Binary Data: 11111111 11111111 00001010 01000000 00000000 00000000 00000000 00000000 00000000 11110101 00000000 00000000 00111111 11010001 00000001

Response 15:
  Line: 221
  Type: long response
  Timestamp: 1760932829
  Binary Data: 11111111 11111111 00001010 01000000 00000000 00000000 00000000 00000000 00000000 11110101 00000000 00000000 00111111 11010001 00000001

Response 16:
  Line: 222
  Type: long response
  Timestamp: 1760932829
  Binary Data: 11111111 11111111 00001010 01000000 00000000 00000000 00000000 00000000 00000000 11110101 00000000 00000000 00111111 11010001 00000001

Response 17:
  Line: 271
  Type: short response
  Timestamp: 1760932892
  Binary Data: 11111111 11111111 00001010 01000000 00000000 00000000 00000000 00000000 00000000 11110011 00000000 00000000 00111101 11010000 11100001

Response 18:
  Line: 274
  Type: long response
  Timestamp: 1760932892
  Binary Data: 11111111 11111111 00001010 01000000 00000000 00000000 00000000 00000000 00000000 11110101 00000000 00000000 00111111 11010001 00000001

Response 19:
  Line: 275
  Type: long response
  Timestamp: 1760932892
  Binary Data: 11111111 11111111 00001010 01000000 00000000 00000000 00000000 00000000 00000000 11110101 00000000 00000000 00111111 11010001 00000001

Response 20:
  Line: 276
  Type: long response
  Timestamp: 1760932893
  Binary Data: 11111111 11111111 00001010 01000000 00000000 00000000 00000000 00000000 00000000 11110101 00000000 00000000 00111111 11010001 00000001

Response 21:
  Line: 323
  Type: short response
  Timestamp: 1760932949
  Binary Data: 11111111 11111111 00001010 01000000 00000000 00000000 00000000 00000000 00000000 11110011 00000000 00000000 00111101 11010000 11100001

Response 22:
  Line: 326
  Type: long response
  Timestamp: 1760932949
  Binary Data: 11111111 11111111 00001010 01000000 00000000 00000000 00000000 00000000 00000000 11110101 00000000 00000000 00111111 11010001 00000001

Response 23:
  Line: 327
  Type: long response
  Timestamp: 1760932949
  Binary Data: 11111111 11111111 00001010 01000000 00000000 00000000 00000000 00000000 00000000 11110101 00000000 00000000 00111111 11010001 00000001

Response 24:
  Line: 328
  Type: long response
  Timestamp: 1760932950
  Binary Data: 11111111 11111111 00001010 01000000 00000000 00000000 00000000 00000000 00000000 11110101 00000000 00000000 00111111 11010001 00000001

Response 25:
  Line: 370
  Type: short response
  Timestamp: 1760933016
  Binary Data: 11111111 11111111 00001010 01000000 00000000 00000000 00000000 00000000 00000000 11110011 00000000 00000000 00111101 11010000 11100001

Response 26:
  Line: 373
  Type: long response
  Timestamp: 1760933017
  Binary Data: 11111111 11111111 00001010 01000000 00000000 00000000 00000000 00000000 00000000 11110101 00000000 00000000 00111111 11010001 00000001

Response 27:
  Line: 374
  Type: long response
  Timestamp: 1760933017
  Binary Data: 11111111 11111111 00001010 01000000 00000000 00000000 00000000 00000000 00000000 11110101 00000000 00000000 00111111 11010001 00000001

Response 28:
  Line: 375
  Type: long response
  Timestamp: 1760933018
  Binary Data: 11111111 11111111 00001010 01000000 00000000 00000000 00000000 00000000 00000000 11110101 00000000 00000000 00111111 11010001 00000001

Response 29:
  Line: 419
  Type: short response
  Timestamp: 1760933085
  Binary Data: 11111111 11111111 00001010 01000000 00000000 00000000 00000000 00000000 00000000 11110011 00000000 00000000 00111101 11010000 11100001

Response 30:
  Line: 422
  Type: long response
  Timestamp: 1760933085
  Binary Data: 11111111 11111111 00001010 01000000 00000000 00000000 00000000 00000000 00000000 11110101 00000000 00000000 00111111 11010001 00000001

Response 31:
  Line: 423
  Type: long response
  Timestamp: 1760933085
  Binary Data: 11111111 11111111 00001010 01000000 00000000 00000000 00000000 00000000 00000000 11110101 00000000 00000000 00111111 11010001 00000001

Response 32:
  Line: 424
  Type: long response
  Timestamp: 1760933086
  Binary Data: 11111111 11111111 00001010 01000000 00000000 00000000 00000000 00000000 00000000 11110101 00000000 00000000 00111111 11010001 00000001

Response 33:
  Line: 467
  Type: short response
  Timestamp: 1760933161
  Binary Data: 11111111 11111111 00001010 01000000 00000000 00000000 00000000 00000000 00000000 11110011 00000000 00000000 00111101 11010000 11100001

Response 34:
  Line: 470
  Type: long response
  Timestamp: 1760933162
  Binary Data: 11111111 11111111 00001010 01000000 00000000 00000000 00000000 00000000 00000000 11110101 00000000 00000000 00111111 11010001 00000001

Response 35:
  Line: 471
  Type: long response
  Timestamp: 1760933162
  Binary Data: 11111111 11111111 00001010 01000000 00000000 00000000 00000000 00000000 00000000 11110101 00000000 00000000 00111111 11010001 00000001

Response 36:
  Line: 472
  Type: long response
  Timestamp: 1760933162
  Binary Data: 11111111 11111111 00001010 01000000 00000000 00000000 00000000 00000000 00000000 11110101 00000000 00000000 00111111 11010001 00000001

Response 37:
  Line: 514
  Type: short response
  Timestamp: 1760933246
  Binary Data: 11111111 11111111 00001010 01000000 00000000 00000000 00000000 00000000 00000000 11110011 00000000 00000000 00111101 11010000 11100001

Response 38:
  Line: 517
  Type: long response
  Timestamp: 1760933246
  Binary Data: 11111111 11111111 00001010 01000000 00000000 00000000 00000000 00000000 00000000 11110101 00000000 00000000 00111111 11010001 00000001

Response 39:
  Line: 518
  Type: long response
  Timestamp: 1760933247
  Binary Data: 11111111 11111111 00001010 01000000 00000000 00000000 00000000 00000000 00000000 11110101 00000000 00000000 00111111 11010001 00000001

Response 40:
  Line: 519
  Type: long response
  Timestamp: 1760933247
  Binary Data: 11111111 11111111 00001010 01000000 00000000 00000000 00000000 00000000 00000000 11110101 00000000 00000000 00111111 11010001 00000001

Response 41:
  Line: 563
  Type: short response
  Timestamp: 1760933342
  Binary Data: 11111111 11111111 00001010 01000000 00000000 00000000 00000000 00000000 00000000 11110011 00000000 00000000 00111101 11010000 11100001

Response 42:
  Line: 566
  Type: long response
  Timestamp: 1760933343
  Binary Data: 11111111 11111111 00001010 01000000 00000000 00000000 00000000 00000000 00000000 11110101 00000000 00000000 00111111 11010001 00000001

Response 43:
  Line: 567
  Type: long response
  Timestamp: 1760933343
  Binary Data: 11111111 11111111 00001010 01000000 00000000 00000000 00000000 00000000 00000000 11110101 00000000 00000000 00111111 11010001 00000001

Response 44:
  Line: 568
  Type: long response
  Timestamp: 1760933343
  Binary Data: 11111111 11111111 00001010 01000000 00000000 00000000 00000000 00000000 00000000 11110101 00000000 00000000 00111111 11010001 00000001

Response 45:
  Line: 612
  Type: short response
  Timestamp: 1760933415
  Binary Data: 11111111 11111111 00001010 01000000 00000000 00000000 00000000 00000000 00000000 11110011 00000000 00000000 00111101 11010000 11100001

Response 46:
  Line: 615
  Type: long response
  Timestamp: 1760933415
  Binary Data: 11111111 11111111 00001010 01000000 00000000 00000000 00000000 00000000 00000000 11110101 00000000 00000000 00111111 11010001 00000001

Response 47:
  Line: 616
  Type: long response
  Timestamp: 1760933416
  Binary Data: 11111111 11111111 00001010 01000000 00000000 00000000 00000000 00000000 00000000 11110101 00000000 00000000 00111111 11010001 00000001

Response 48:
  Line: 617
  Type: long response
  Timestamp: 1760933416
  Binary Data: 11111111 11111111 00001010 01000000 00000000 00000000 00000000 00000000 00000000 11110101 00000000 00000000 00111111 11010001 00000001

Response 49:
  Line: 659
  Type: short response
  Timestamp: 1760933491
  Binary Data: 11111111 11111111 00001010 01000000 00000000 00000000 00000000 00000000 00000000 11110011 00000000 00000000 00111101 11010000 11100001

Response 50:
  Line: 662
  Type: long response
  Timestamp: 1760933491
  Binary Data: 11111111 11111111 00001010 01000000 00000000 00000000 00000000 00000000 00000000 11110101 00000000 00000000 00111111 11010001 00000001

Response 51:
  Line: 663
  Type: long response
  Timestamp: 1760933491
  Binary Data: 11111111 11111111 00001010 01000000 00000000 00000000 00000000 00000000 00000000 11110101 00000000 00000000 00111111 11010001 00000001

Response 52:
  Line: 664
  Type: long response
  Timestamp: 1760933492
  Binary Data: 11111111 11111111 00001010 01000000 00000000 00000000 00000000 00000000 00000000 11110101 00000000 00000000 00111111 11010001 00000001

Response 53:
  Line: 709
  Type: short response
  Timestamp: 1760933579
  Binary Data: 11111111 11111111 00001010 01000000 00000000 00000000 00000000 00000000 00000000 11110011 00000000 00000000 00111101 11010000 11100001

Response 54:
  Line: 712
  Type: long response
  Timestamp: 1760933580
  Binary Data: 11111111 11111111 00001010 01000000 00000000 00000000 00000000 00000000 00000000 11110101 00000000 00000000 00111111 11010001 00000001

Response 55:
  Line: 713
  Type: long response
  Timestamp: 1760933580
  Binary Data: 11111111 11111111 00001010 01000000 00000000 00000000 00000000 00000000 00000000 11110101 00000000 00000000 00111111 11010001 00000001

Response 56:
  Line: 714
  Type: long response
  Timestamp: 1760933580
  Binary Data: 11111111 11111111 00001010 01000000 00000000 00000000 00000000 00000000 00000000 11110101 00000000 00000000 00111111 11010001 00000001

Response 57:
  Line: 762
  Type: short response
  Timestamp: 1760933675
  Binary Data: 11111111 11111111 00001010 01000000 00000000 00000000 00000000 00000000 00000000 11110011 00000000 00000000 00111101 11010000 11100001

Response 58:
  Line: 765
  Type: long response
  Timestamp: 1760933676
  Binary Data: 11111111 11111111 00001010 01000000 00000000 00000000 00000000 00000000 00000000 11110101 00000000 00000000 00111111 11010001 00000001

Response 59:
  Line: 766
  Type: long response
  Timestamp: 1760933676
  Binary Data: 11111111 11111111 00001010 01000000 00000000 00000000 00000000 00000000 00000000 11110101 00000000 00000000 00111111 11010001 00000001

Response 60:
  Line: 767
  Type: long response
  Timestamp: 1760933676
  Binary Data: 11111111 11111111 00001010 01000000 00000000 00000000 00000000 00000000 00000000 11110101 00000000 00000000 00111111 11010001 00000001

Response 61:
  Line: 816
  Type: short response
  Timestamp: 1760933773
  Binary Data: 11111111 11111111 00001010 01000000 00000000 00000000 00000000 00000000 00000000 11110011 00000000 00000000 00111101 11010000 11100001

Response 62:
  Line: 819
  Type: long response
  Timestamp: 1760933773
  Binary Data: 11111111 11111111 00001010 01000000 00000000 00000000 00000000 00000000 00000000 11110101 00000000 00000000 00111111 11010001 00000001

Response 63:
  Line: 820
  Type: long response
  Timestamp: 1760933774
  Binary Data: 11111111 11111111 00001010 01000000 00000000 00000000 00000000 00000000 00000000 11110101 00000000 00000000 00111111 11010001 00000001

Response 64:
  Line: 821
  Type: long response
  Timestamp: 1760933774
  Binary Data: 11111111 11111111 00001010 01000000 00000000 00000000 00000000 00000000 00000000 11110101 00000000 00000000 00111111 11010001 00000001

Response 65:
  Line: 865
  Type: short response
  Timestamp: 1760933853
  Binary Data: 11111111 11111111 00001010 01000000 00000000 00000000 00000000 00000000 00000000 11110011 00000000 00000000 00111101 11010000 11100001

Response 66:
  Line: 868
  Type: long response
  Timestamp: 1760933853
  Binary Data: 11111111 11111111 00001010 01000000 00000000 00000000 00000000 00000000 00000000 11110101 00000000 00000000 00111111 11010001 00000001

Response 67:
  Line: 869
  Type: long response
  Timestamp: 1760933854
  Binary Data: 11111111 11111111 00001010 01000000 00000000 00000000 00000000 00000000 00000000 11110101 00000000 00000000 00111111 11010001 00000001

Response 68:
  Line: 870
  Type: long response
  Timestamp: 1760933854
  Binary Data: 11111111 11111111 00001010 01000000 00000000 00000000 00000000 00000000 00000000 11110101 00000000 00000000 00111111 11010001 00000001

Response 69:
  Line: 957
  Type: short response
  Timestamp: 1760934010
  Binary Data: 11111111 11111111 00001010 01000000 00000000 00000000 00000000 00000000 00000000 11110011 00000000 00000000 00111101 11010000 11100001

Response 70:
  Line: 960
  Type: long response
  Timestamp: 1760934010
  Binary Data: 11111111 11111111 00001010 01000000 00000000 00000000 00000000 00000000 00000000 11110101 00000000 00000000 00111111 11010001 00000001

Response 71:
  Line: 961
  Type: long response
  Timestamp: 1760934010
  Binary Data: 11111111 11111111 00001010 01000000 00000000 00000000 00000000 00000000 00000000 11110101 00000000 00000000 00111111 11010001 00000001

Response 72:
  Line: 962
  Type: long response
  Timestamp: 1760934011
  Binary Data: 11111111 11111111 00001010 01000000 00000000 00000000 00000000 00000000 00000000 11110101 00000000 00000000 00111111 11010001 00000001

Response 73:
  Line: 1051
  Type: short response
  Timestamp: 1760934193
  Binary Data: 11111111 11111111 00001010 01000000 00000000 00000000 00000000 00000000 00000000 11110011 00000000 00000000 00111101 11010000 11100001

Response 74:
  Line: 1054
  Type: long response
  Timestamp: 1760934194
  Binary Data: 11111111 11111111 00001010 01000000 00000000 00000000 00000000 00000000 00000000 11110101 00000000 00000000 00111111 11010001 00000001

Response 75:
  Line: 1055
  Type: long response
  Timestamp: 1760934194
  Binary Data: 11111111 11111111 00001010 01000000 00000000 00000000 00000000 00000000 00000000 11110101 00000000 00000000 00111111 11010001 00000001

Response 76:
  Line: 1056
  Type: long response
  Timestamp: 1760934194
  Binary Data: 11111111 11111111 00001010 01000000 00000000 00000000 00000000 00000000 00000000 11110101 00000000 00000000 00111111 11010001 00000001

CHALLENGE-RESPONSE PAIRS: 76
------------------------------
Pair 1:
  Challenge: 11111111 11111111 00100101 01000000 00000000 00000000 00000000 00000000 00000000 00010010 00010000 00000010 00000000 00000001 11011001 10010011 11100100 11001000 11010011 01110100 10010101 00011100 00000001 10100011 11101111
  Response: 11111111 11111111 00001010 01000000 00000000 00000000 00000000 00000000 00000000 11110011 00000000 00000000 00111101 11010000 11100001

Pair 2:
  Challenge: 11111111 11111111 00100101 01000000 00000000 00000000 00000000 00000000 00000000 00010010 00010000 00000010 00000000 00000001 11011001 10010011 11100100 11001000 11010011 01110100 10010101 00011100 00000001 10100011 11101111
  Response: 11111111 11111111 00001010 01000000 00000000 00000000 00000000 00000000 00000000 11110101 00000000 00000000 00111111 11010001 00000001

Pair 3:
  Challenge: 11111111 11111111 00100101 01000000 00000000 00000000 00000000 00000000 00000000 00010010 00010000 00000010 00000000 00000001 11011001 10010011 11100100 11001000 11010011 01110100 10010101 00011100 00000001 10100011 11101111
  Response: 11111111 11111111 00001010 01000000 00000000 00000000 00000000 00000000 00000000 11110101 00000000 00000000 00111111 11010001 00000001

Pair 4:
  Challenge: 11111111 11111111 00100101 01000000 00000000 00000000 00000000 00000000 00000000 00010010 00010000 00000010 00000000 00000001 11011001 10010011 11100100 11001000 11010011 01110100 10010101 00011100 00000001 10100011 11101111
  Response: 11111111 11111111 00001010 01000000 00000000 00000000 00000000 00000000 00000000 11110101 00000000 00000000 00111111 11010001 00000001

Pair 5:
  Challenge: 11111111 11111111 00100101 01000000 00000000 00000000 00000000 00000000 00000000 00010010 00010000 00000010 00000000 00000001 11011111 10101111 00101110 11011001 10010011 00110111 10010110 11110011 00000001 00110101 11000010
  Response: 11111111 11111111 00001010 01000000 00000000 00000000 00000000 00000000 00000000 11110011 00000000 00000000 00111101 11010000 11100001

Pair 6:
  Challenge: 11111111 11111111 00100101 01000000 00000000 00000000 00000000 00000000 00000000 00010010 00010000 00000010 00000000 00000001 11011111 10101111 00101110 11011001 10010011 00110111 10010110 11110011 00000001 00110101 11000010
  Response: 11111111 11111111 00001010 01000000 00000000 00000000 00000000 00000000 00000000 11110101 00000000 00000000 00111111 11010001 00000001

Pair 7:
  Challenge: 11111111 11111111 00100101 01000000 00000000 00000000 00000000 00000000 00000000 00010010 00010000 00000010 00000000 00000001 11011111 10101111 00101110 11011001 10010011 00110111 10010110 11110011 00000001 00110101 11000010
  Response: 11111111 11111111 00001010 01000000 00000000 00000000 00000000 00000000 00000000 11110101 00000000 00000000 00111111 11010001 00000001

Pair 8:
  Challenge: 11111111 11111111 00100101 01000000 00000000 00000000 00000000 00000000 00000000 00010010 00010000 00000010 00000000 00000001 11011111 10101111 00101110 11011001 10010011 00110111 10010110 11110011 00000001 00110101 11000010
  Response: 11111111 11111111 00001010 01000000 00000000 00000000 00000000 00000000 00000000 11110101 00000000 00000000 00111111 11010001 00000001

Pair 9:
  Challenge: 11111111 11111111 00100101 01000000 00000000 00000000 00000000 00000000 00000000 00010010 00010000 00000010 00000000 00000001 01110100 11111010 00000111 01110111 11100101 11010100 11001010 00000000 00000001 00001111 01001001
  Response: 11111111 11111111 00001010 01000000 00000000 00000000 00000000 00000000 00000000 11110011 00000000 00000000 00111101 11010000 11100001

Pair 10:
  Challenge: 11111111 11111111 00100101 01000000 00000000 00000000 00000000 00000000 00000000 00010010 00010000 00000010 00000000 00000001 01110100 11111010 00000111 01110111 11100101 11010100 11001010 00000000 00000001 00001111 01001001
  Response: 11111111 11111111 00001010 01000000 00000000 00000000 00000000 00000000 00000000 11110101 00000000 00000000 00111111 11010001 00000001

Pair 11:
  Challenge: 11111111 11111111 00100101 01000000 00000000 00000000 00000000 00000000 00000000 00010010 00010000 00000010 00000000 00000001 01110100 11111010 00000111 01110111 11100101 11010100 11001010 00000000 00000001 00001111 01001001
  Response: 11111111 11111111 00001010 01000000 00000000 00000000 00000000 00000000 00000000 11110101 00000000 00000000 00111111 11010001 00000001

Pair 12:
  Challenge: 11111111 11111111 00100101 01000000 00000000 00000000 00000000 00000000 00000000 00010010 00010000 00000010 00000000 00000001 01110100 11111010 00000111 01110111 11100101 11010100 11001010 00000000 00000001 00001111 01001001
  Response: 11111111 11111111 00001010 01000000 00000000 00000000 00000000 00000000 00000000 11110101 00000000 00000000 00111111 11010001 00000001

Pair 13:
  Challenge: 11111111 11111111 00100101 01000000 00000000 00000000 00000000 00000000 00000000 00010010 00010000 00000010 00000000 00000001 01011000 10111111 10101001 00111101 11111011 01000011 00101011 01111101 00000001 11011101 11010000
  Response: 11111111 11111111 00001010 01000000 00000000 00000000 00000000 00000000 00000000 11110011 00000000 00000000 00111101 11010000 11100001

Pair 14:
  Challenge: 11111111 11111111 00100101 01000000 00000000 00000000 00000000 00000000 00000000 00010010 00010000 00000010 00000000 00000001 01011000 10111111 10101001 00111101 11111011 01000011 00101011 01111101 00000001 11011101 11010000
  Response: 11111111 11111111 00001010 01000000 00000000 00000000 00000000 00000000 00000000 11110101 00000000 00000000 00111111 11010001 00000001

Pair 15:
  Challenge: 11111111 11111111 00100101 01000000 00000000 00000000 00000000 00000000 00000000 00010010 00010000 00000010 00000000 00000001 01011000 10111111 10101001 00111101 11111011 01000011 00101011 01111101 00000001 11011101 11010000
  Response: 11111111 11111111 00001010 01000000 00000000 00000000 00000000 00000000 00000000 11110101 00000000 00000000 00111111 11010001 00000001

Pair 16:
  Challenge: 11111111 11111111 00100101 01000000 00000000 00000000 00000000 00000000 00000000 00010010 00010000 00000010 00000000 00000001 01011000 10111111 10101001 00111101 11111011 01000011 00101011 01111101 00000001 11011101 11010000
  Response: 11111111 11111111 00001010 01000000 00000000 00000000 00000000 00000000 00000000 11110101 00000000 00000000 00111111 11010001 00000001

Pair 17:
  Challenge: 11111111 11111111 00100101 01000000 00000000 00000000 00000000 00000000 00000000 00010010 00010000 00000010 00000000 00000001 10010110 01011010 10000110 10011010 01110111 11100101 01001001 00010110 00000001 11110111 01000101
  Response: 11111111 11111111 00001010 01000000 00000000 00000000 00000000 00000000 00000000 11110011 00000000 00000000 00111101 11010000 11100001

Pair 18:
  Challenge: 11111111 11111111 00100101 01000000 00000000 00000000 00000000 00000000 00000000 00010010 00010000 00000010 00000000 00000001 10010110 01011010 10000110 10011010 01110111 11100101 01001001 00010110 00000001 11110111 01000101
  Response: 11111111 11111111 00001010 01000000 00000000 00000000 00000000 00000000 00000000 11110101 00000000 00000000 00111111 11010001 00000001

Pair 19:
  Challenge: 11111111 11111111 00100101 01000000 00000000 00000000 00000000 00000000 00000000 00010010 00010000 00000010 00000000 00000001 10010110 01011010 10000110 10011010 01110111 11100101 01001001 00010110 00000001 11110111 01000101
  Response: 11111111 11111111 00001010 01000000 00000000 00000000 00000000 00000000 00000000 11110101 00000000 00000000 00111111 11010001 00000001

Pair 20:
  Challenge: 11111111 11111111 00100101 01000000 00000000 00000000 00000000 00000000 00000000 00010010 00010000 00000010 00000000 00000001 10010110 01011010 10000110 10011010 01110111 11100101 01001001 00010110 00000001 11110111 01000101
  Response: 11111111 11111111 00001010 01000000 00000000 00000000 00000000 00000000 00000000 11110101 00000000 00000000 00111111 11010001 00000001

Pair 21:
  Challenge: 11111111 11111111 00100101 01000000 00000000 00000000 00000000 00000000 00000000 00010010 00010000 00000010 00000000 00000001 11000110 11111000 01011010 01000010 11111110 00110100 00100101 00010101 00000001 11010111 11011111
  Response: 11111111 11111111 00001010 01000000 00000000 00000000 00000000 00000000 00000000 11110011 00000000 00000000 00111101 11010000 11100001

Pair 22:
  Challenge: 11111111 11111111 00100101 01000000 00000000 00000000 00000000 00000000 00000000 00010010 00010000 00000010 00000000 00000001 11000110 11111000 01011010 01000010 11111110 00110100 00100101 00010101 00000001 11010111 11011111
  Response: 11111111 11111111 00001010 01000000 00000000 00000000 00000000 00000000 00000000 11110101 00000000 00000000 00111111 11010001 00000001

Pair 23:
  Challenge: 11111111 11111111 00100101 01000000 00000000 00000000 00000000 00000000 00000000 00010010 00010000 00000010 00000000 00000001 11000110 11111000 01011010 01000010 11111110 00110100 00100101 00010101 00000001 11010111 11011111
  Response: 11111111 11111111 00001010 01000000 00000000 00000000 00000000 00000000 00000000 11110101 00000000 00000000 00111111 11010001 00000001

Pair 24:
  Challenge: 11111111 11111111 00100101 01000000 00000000 00000000 00000000 00000000 00000000 00010010 00010000 00000010 00000000 00000001 11000110 11111000 01011010 01000010 11111110 00110100 00100101 00010101 00000001 11010111 11011111
  Response: 11111111 11111111 00001010 01000000 00000000 00000000 00000000 00000000 00000000 11110101 00000000 00000000 00111111 11010001 00000001

Pair 25:
  Challenge: 11111111 11111111 00100101 01000000 00000000 00000000 00000000 00000000 00000000 00010010 00010000 00000010 00000000 00000001 10111110 01001000 01010011 01100000 00100111 11111111 01010101 00011011 01100010 00000001 00111111
  Response: 11111111 11111111 00001010 01000000 00000000 00000000 00000000 00000000 00000000 11110011 00000000 00000000 00111101 11010000 11100001

Pair 26:
  Challenge: 11111111 11111111 00100101 01000000 00000000 00000000 00000000 00000000 00000000 00010010 00010000 00000010 00000000 00000001 10111110 01001000 01010011 01100000 00100111 11111111 01010101 00011011 01100010 00000001 00111111
  Response: 11111111 11111111 00001010 01000000 00000000 00000000 00000000 00000000 00000000 11110101 00000000 00000000 00111111 11010001 00000001

Pair 27:
  Challenge: 11111111 11111111 00100101 01000000 00000000 00000000 00000000 00000000 00000000 00010010 00010000 00000010 00000000 00000001 10111110 01001000 01010011 01100000 00100111 11111111 01010101 00011011 01100010 00000001 00111111
  Response: 11111111 11111111 00001010 01000000 00000000 00000000 00000000 00000000 00000000 11110101 00000000 00000000 00111111 11010001 00000001

Pair 28:
  Challenge: 11111111 11111111 00100101 01000000 00000000 00000000 00000000 00000000 00000000 00010010 00010000 00000010 00000000 00000001 10111110 01001000 01010011 01100000 00100111 11111111 01010101 00011011 01100010 00000001 00111111
  Response: 11111111 11111111 00001010 01000000 00000000 00000000 00000000 00000000 00000000 11110101 00000000 00000000 00111111 11010001 00000001

Pair 29:
  Challenge: 11111111 11111111 00100101 01000000 00000000 00000000 00000000 00000000 00000000 00010010 00010000 00000010 00000000 00000001 10001000 11111101 10011100 10000010 11101011 11111000 01001011 11111000 00000001 10010010 01011110
  Response: 11111111 11111111 00001010 01000000 00000000 00000000 00000000 00000000 00000000 11110011 00000000 00000000 00111101 11010000 11100001

Pair 30:
  Challenge: 11111111 11111111 00100101 01000000 00000000 00000000 00000000 00000000 00000000 00010010 00010000 00000010 00000000 00000001 10001000 11111101 10011100 10000010 11101011 11111000 01001011 11111000 00000001 10010010 01011110
  Response: 11111111 11111111 00001010 01000000 00000000 00000000 00000000 00000000 00000000 11110101 00000000 00000000 00111111 11010001 00000001

Pair 31:
  Challenge: 11111111 11111111 00100101 01000000 00000000 00000000 00000000 00000000 00000000 00010010 00010000 00000010 00000000 00000001 10001000 11111101 10011100 10000010 11101011 11111000 01001011 11111000 00000001 10010010 01011110
  Response: 11111111 11111111 00001010 01000000 00000000 00000000 00000000 00000000 00000000 11110101 00000000 00000000 00111111 11010001 00000001

Pair 32:
  Challenge: 11111111 11111111 00100101 01000000 00000000 00000000 00000000 00000000 00000000 00010010 00010000 00000010 00000000 00000001 10001000 11111101 10011100 10000010 11101011 11111000 01001011 11111000 00000001 10010010 01011110
  Response: 11111111 11111111 00001010 01000000 00000000 00000000 00000000 00000000 00000000 11110101 00000000 00000000 00111111 11010001 00000001

Pair 33:
  Challenge: 11111111 11111111 00100101 01000000 00000000 00000000 00000000 00000000 00000000 00010010 00010000 00000010 00000000 00000001 00001000 01000001 11001010 10001101 00000111 11100110 00010001 11001000 00000001 01001110 01101011
  Response: 11111111 11111111 00001010 01000000 00000000 00000000 00000000 00000000 00000000 11110011 00000000 00000000 00111101 11010000 11100001

Pair 34:
  Challenge: 11111111 11111111 00100101 01000000 00000000 00000000 00000000 00000000 00000000 00010010 00010000 00000010 00000000 00000001 00001000 01000001 11001010 10001101 00000111 11100110 00010001 11001000 00000001 01001110 01101011
  Response: 11111111 11111111 00001010 01000000 00000000 00000000 00000000 00000000 00000000 11110101 00000000 00000000 00111111 11010001 00000001

Pair 35:
  Challenge: 11111111 11111111 00100101 01000000 00000000 00000000 00000000 00000000 00000000 00010010 00010000 00000010 00000000 00000001 00001000 01000001 11001010 10001101 00000111 11100110 00010001 11001000 00000001 01001110 01101011
  Response: 11111111 11111111 00001010 01000000 00000000 00000000 00000000 00000000 00000000 11110101 00000000 00000000 00111111 11010001 00000001

Pair 36:
  Challenge: 11111111 11111111 00100101 01000000 00000000 00000000 00000000 00000000 00000000 00010010 00010000 00000010 00000000 00000001 00001000 01000001 11001010 10001101 00000111 11100110 00010001 11001000 00000001 01001110 01101011
  Response: 11111111 11111111 00001010 01000000 00000000 00000000 00000000 00000000 00000000 11110101 00000000 00000000 00111111 11010001 00000001

Pair 37:
  Challenge: 11111111 11111111 00100101 01000000 00000000 00000000 00000000 00000000 00000000 00010010 00010000 00000010 00000000 00000001 00010010 00011011 10001100 01111001 10000000 11010000 00101000 01101100 00000001 01101011 01011010
  Response: 11111111 11111111 00001010 01000000 00000000 00000000 00000000 00000000 00000000 11110011 00000000 00000000 00111101 11010000 11100001

Pair 38:
  Challenge: 11111111 11111111 00100101 01000000 00000000 00000000 00000000 00000000 00000000 00010010 00010000 00000010 00000000 00000001 00010010 00011011 10001100 01111001 10000000 11010000 00101000 01101100 00000001 01101011 01011010
  Response: 11111111 11111111 00001010 01000000 00000000 00000000 00000000 00000000 00000000 11110101 00000000 00000000 00111111 11010001 00000001

Pair 39:
  Challenge: 11111111 11111111 00100101 01000000 00000000 00000000 00000000 00000000 00000000 00010010 00010000 00000010 00000000 00000001 00010010 00011011 10001100 01111001 10000000 11010000 00101000 01101100 00000001 01101011 01011010
  Response: 11111111 11111111 00001010 01000000 00000000 00000000 00000000 00000000 00000000 11110101 00000000 00000000 00111111 11010001 00000001

Pair 40:
  Challenge: 11111111 11111111 00100101 01000000 00000000 00000000 00000000 00000000 00000000 00010010 00010000 00000010 00000000 00000001 00010010 00011011 10001100 01111001 10000000 11010000 00101000 01101100 00000001 01101011 01011010
  Response: 11111111 11111111 00001010 01000000 00000000 00000000 00000000 00000000 00000000 11110101 00000000 00000000 00111111 11010001 00000001

Pair 41:
  Challenge: 11111111 11111111 00100101 01000000 00000000 00000000 00000000 00000000 00000000 00010010 00010000 00000010 00000000 00000001 11100101 00001011 00101011 11101110 11001011 10010011 10000000 10011110 00000001 10011011 00001010
  Response: 11111111 11111111 00001010 01000000 00000000 00000000 00000000 00000000 00000000 11110011 00000000 00000000 00111101 11010000 11100001

Pair 42:
  Challenge: 11111111 11111111 00100101 01000000 00000000 00000000 00000000 00000000 00000000 00010010 00010000 00000010 00000000 00000001 11100101 00001011 00101011 11101110 11001011 10010011 10000000 10011110 00000001 10011011 00001010
  Response: 11111111 11111111 00001010 01000000 00000000 00000000 00000000 00000000 00000000 11110101 00000000 00000000 00111111 11010001 00000001

Pair 43:
  Challenge: 11111111 11111111 00100101 01000000 00000000 00000000 00000000 00000000 00000000 00010010 00010000 00000010 00000000 00000001 11100101 00001011 00101011 11101110 11001011 10010011 10000000 10011110 00000001 10011011 00001010
  Response: 11111111 11111111 00001010 01000000 00000000 00000000 00000000 00000000 00000000 11110101 00000000 00000000 00111111 11010001 00000001

Pair 44:
  Challenge: 11111111 11111111 00100101 01000000 00000000 00000000 00000000 00000000 00000000 00010010 00010000 00000010 00000000 00000001 11100101 00001011 00101011 11101110 11001011 10010011 10000000 10011110 00000001 10011011 00001010
  Response: 11111111 11111111 00001010 01000000 00000000 00000000 00000000 00000000 00000000 11110101 00000000 00000000 00111111 11010001 00000001

Pair 45:
  Challenge: 11111111 11111111 00100101 01000000 00000000 00000000 00000000 00000000 00000000 00010010 00010000 00000010 00000000 00000001 00000110 10001000 00110100 10110010 11011011 00010000 00000001 11010100 00000001 11000010 01000101
  Response: 11111111 11111111 00001010 01000000 00000000 00000000 00000000 00000000 00000000 11110011 00000000 00000000 00111101 11010000 11100001

Pair 46:
  Challenge: 11111111 11111111 00100101 01000000 00000000 00000000 00000000 00000000 00000000 00010010 00010000 00000010 00000000 00000001 00000110 10001000 00110100 10110010 11011011 00010000 00000001 11010100 00000001 11000010 01000101
  Response: 11111111 11111111 00001010 01000000 00000000 00000000 00000000 00000000 00000000 11110101 00000000 00000000 00111111 11010001 00000001

Pair 47:
  Challenge: 11111111 11111111 00100101 01000000 00000000 00000000 00000000 00000000 00000000 00010010 00010000 00000010 00000000 00000001 00000110 10001000 00110100 10110010 11011011 00010000 00000001 11010100 00000001 11000010 01000101
  Response: 11111111 11111111 00001010 01000000 00000000 00000000 00000000 00000000 00000000 11110101 00000000 00000000 00111111 11010001 00000001

Pair 48:
  Challenge: 11111111 11111111 00100101 01000000 00000000 00000000 00000000 00000000 00000000 00010010 00010000 00000010 00000000 00000001 00000110 10001000 00110100 10110010 11011011 00010000 00000001 11010100 00000001 11000010 01000101
  Response: 11111111 11111111 00001010 01000000 00000000 00000000 00000000 00000000 00000000 11110101 00000000 00000000 00111111 11010001 00000001

Pair 49:
  Challenge: 11111111 11111111 00100101 01000000 00000000 00000000 00000000 00000000 00000000 00010010 00010000 00000010 00000000 00000001 01110011 11010111 01001011 01010111 01100001 00010110 00110010 10110110 00000001 00100111 10011010
  Response: 11111111 11111111 00001010 01000000 00000000 00000000 00000000 00000000 00000000 11110011 00000000 00000000 00111101 11010000 11100001

Pair 50:
  Challenge: 11111111 11111111 00100101 01000000 00000000 00000000 00000000 00000000 00000000 00010010 00010000 00000010 00000000 00000001 01110011 11010111 01001011 01010111 01100001 00010110 00110010 10110110 00000001 00100111 10011010
  Response: 11111111 11111111 00001010 01000000 00000000 00000000 00000000 00000000 00000000 11110101 00000000 00000000 00111111 11010001 00000001

Pair 51:
  Challenge: 11111111 11111111 00100101 01000000 00000000 00000000 00000000 00000000 00000000 00010010 00010000 00000010 00000000 00000001 01110011 11010111 01001011 01010111 01100001 00010110 00110010 10110110 00000001 00100111 10011010
  Response: 11111111 11111111 00001010 01000000 00000000 00000000 00000000 00000000 00000000 11110101 00000000 00000000 00111111 11010001 00000001

Pair 52:
  Challenge: 11111111 11111111 00100101 01000000 00000000 00000000 00000000 00000000 00000000 00010010 00010000 00000010 00000000 00000001 01110011 11010111 01001011 01010111 01100001 00010110 00110010 10110110 00000001 00100111 10011010
  Response: 11111111 11111111 00001010 01000000 00000000 00000000 00000000 00000000 00000000 11110101 00000000 00000000 00111111 11010001 00000001

Pair 53:
  Challenge: 11111111 11111111 00100101 01000000 00000000 00000000 00000000 00000000 00000000 00010010 00010000 00000010 00000000 00000001 10000000 00111000 10101101 10011011 10011110 10010010 01000101 00010011 00000001 10100000 11001010
  Response: 11111111 11111111 00001010 01000000 00000000 00000000 00000000 00000000 00000000 11110011 00000000 00000000 00111101 11010000 11100001

Pair 54:
  Challenge: 11111111 11111111 00100101 01000000 00000000 00000000 00000000 00000000 00000000 00010010 00010000 00000010 00000000 00000001 10000000 00111000 10101101 10011011 10011110 10010010 01000101 00010011 00000001 10100000 11001010
  Response: 11111111 11111111 00001010 01000000 00000000 00000000 00000000 00000000 00000000 11110101 00000000 00000000 00111111 11010001 00000001

Pair 55:
  Challenge: 11111111 11111111 00100101 01000000 00000000 00000000 00000000 00000000 00000000 00010010 00010000 00000010 00000000 00000001 10000000 00111000 10101101 10011011 10011110 10010010 01000101 00010011 00000001 10100000 11001010
  Response: 11111111 11111111 00001010 01000000 00000000 00000000 00000000 00000000 00000000 11110101 00000000 00000000 00111111 11010001 00000001

Pair 56:
  Challenge: 11111111 11111111 00100101 01000000 00000000 00000000 00000000 00000000 00000000 00010010 00010000 00000010 00000000 00000001 10000000 00111000 10101101 10011011 10011110 10010010 01000101 00010011 00000001 10100000 11001010
  Response: 11111111 11111111 00001010 01000000 00000000 00000000 00000000 00000000 00000000 11110101 00000000 00000000 00111111 11010001 00000001

Pair 57:
  Challenge: 11111111 11111111 00100101 01000000 00000000 00000000 00000000 00000000 00000000 00010010 00010000 00000010 00000000 00000001 11111101 11101101 00000000 10000000 10110110 11000011 11000001 10110000 00000001 10000111 01111100
  Response: 11111111 11111111 00001010 01000000 00000000 00000000 00000000 00000000 00000000 11110011 00000000 00000000 00111101 11010000 11100001

Pair 58:
  Challenge: 11111111 11111111 00100101 01000000 00000000 00000000 00000000 00000000 00000000 00010010 00010000 00000010 00000000 00000001 11111101 11101101 00000000 10000000 10110110 11000011 11000001 10110000 00000001 10000111 01111100
  Response: 11111111 11111111 00001010 01000000 00000000 00000000 00000000 00000000 00000000 11110101 00000000 00000000 00111111 11010001 00000001

Pair 59:
  Challenge: 11111111 11111111 00100101 01000000 00000000 00000000 00000000 00000000 00000000 00010010 00010000 00000010 00000000 00000001 11111101 11101101 00000000 10000000 10110110 11000011 11000001 10110000 00000001 10000111 01111100
  Response: 11111111 11111111 00001010 01000000 00000000 00000000 00000000 00000000 00000000 11110101 00000000 00000000 00111111 11010001 00000001

Pair 60:
  Challenge: 11111111 11111111 00100101 01000000 00000000 00000000 00000000 00000000 00000000 00010010 00010000 00000010 00000000 00000001 11111101 11101101 00000000 10000000 10110110 11000011 11000001 10110000 00000001 10000111 01111100
  Response: 11111111 11111111 00001010 01000000 00000000 00000000 00000000 00000000 00000000 11110101 00000000 00000000 00111111 11010001 00000001

Pair 61:
  Challenge: 11111111 11111111 00100101 01000000 00000000 00000000 00000000 00000000 00000000 00010010 00010000 00000010 00000000 00000001 00000000 11111010 00010001 01001010 01001110 11111111 01010101 11000100 11000010 00000001 10110001
  Response: 11111111 11111111 00001010 01000000 00000000 00000000 00000000 00000000 00000000 11110011 00000000 00000000 00111101 11010000 11100001

Pair 62:
  Challenge: 11111111 11111111 00100101 01000000 00000000 00000000 00000000 00000000 00000000 00010010 00010000 00000010 00000000 00000001 00000000 11111010 00010001 01001010 01001110 11111111 01010101 11000100 11000010 00000001 10110001
  Response: 11111111 11111111 00001010 01000000 00000000 00000000 00000000 00000000 00000000 11110101 00000000 00000000 00111111 11010001 00000001

Pair 63:
  Challenge: 11111111 11111111 00100101 01000000 00000000 00000000 00000000 00000000 00000000 00010010 00010000 00000010 00000000 00000001 00000000 11111010 00010001 01001010 01001110 11111111 01010101 11000100 11000010 00000001 10110001
  Response: 11111111 11111111 00001010 01000000 00000000 00000000 00000000 00000000 00000000 11110101 00000000 00000000 00111111 11010001 00000001

Pair 64:
  Challenge: 11111111 11111111 00100101 01000000 00000000 00000000 00000000 00000000 00000000 00010010 00010000 00000010 00000000 00000001 00000000 11111010 00010001 01001010 01001110 11111111 01010101 11000100 11000010 00000001 10110001
  Response: 11111111 11111111 00001010 01000000 00000000 00000000 00000000 00000000 00000000 11110101 00000000 00000000 00111111 11010001 00000001

Pair 65:
  Challenge: 11111111 11111111 00100101 01000000 00000000 00000000 00000000 00000000 00000000 00010010 00010000 00000010 00000000 00000001 01110000 10110011 01100001 00110101 01001001 11001110 00000001 01110011 00000001 01101100 11001010
  Response: 11111111 11111111 00001010 01000000 00000000 00000000 00000000 00000000 00000000 11110011 00000000 00000000 00111101 11010000 11100001

Pair 66:
  Challenge: 11111111 11111111 00100101 01000000 00000000 00000000 00000000 00000000 00000000 00010010 00010000 00000010 00000000 00000001 01110000 10110011 01100001 00110101 01001001 11001110 00000001 01110011 00000001 01101100 11001010
  Response: 11111111 11111111 00001010 01000000 00000000 00000000 00000000 00000000 00000000 11110101 00000000 00000000 00111111 11010001 00000001

Pair 67:
  Challenge: 11111111 11111111 00100101 01000000 00000000 00000000 00000000 00000000 00000000 00010010 00010000 00000010 00000000 00000001 01110000 10110011 01100001 00110101 01001001 11001110 00000001 01110011 00000001 01101100 11001010
  Response: 11111111 11111111 00001010 01000000 00000000 00000000 00000000 00000000 00000000 11110101 00000000 00000000 00111111 11010001 00000001

Pair 68:
  Challenge: 11111111 11111111 00100101 01000000 00000000 00000000 00000000 00000000 00000000 00010010 00010000 00000010 00000000 00000001 01110000 10110011 01100001 00110101 01001001 11001110 00000001 01110011 00000001 01101100 11001010
  Response: 11111111 11111111 00001010 01000000 00000000 00000000 00000000 00000000 00000000 11110101 00000000 00000000 00111111 11010001 00000001

Pair 69:
  Challenge: 11111111 11111111 00100101 01000000 00000000 00000000 00000000 00000000 00000000 00010010 00010000 00000010 00000000 00000001 11100011 01101000 00011110 00010111 11100110 11001010 10000010 10000010 00000001 00001111 10011011
  Response: 11111111 11111111 00001010 01000000 00000000 00000000 00000000 00000000 00000000 11110011 00000000 00000000 00111101 11010000 11100001

Pair 70:
  Challenge: 11111111 11111111 00100101 01000000 00000000 00000000 00000000 00000000 00000000 00010010 00010000 00000010 00000000 00000001 11100011 01101000 00011110 00010111 11100110 11001010 10000010 10000010 00000001 00001111 10011011
  Response: 11111111 11111111 00001010 01000000 00000000 00000000 00000000 00000000 00000000 11110101 00000000 00000000 00111111 11010001 00000001

Pair 71:
  Challenge: 11111111 11111111 00100101 01000000 00000000 00000000 00000000 00000000 00000000 00010010 00010000 00000010 00000000 00000001 11100011 01101000 00011110 00010111 11100110 11001010 10000010 10000010 00000001 00001111 10011011
  Response: 11111111 11111111 00001010 01000000 00000000 00000000 00000000 00000000 00000000 11110101 00000000 00000000 00111111 11010001 00000001

Pair 72:
  Challenge: 11111111 11111111 00100101 01000000 00000000 00000000 00000000 00000000 00000000 00010010 00010000 00000010 00000000 00000001 11100011 01101000 00011110 00010111 11100110 11001010 10000010 10000010 00000001 00001111 10011011
  Response: 11111111 11111111 00001010 01000000 00000000 00000000 00000000 00000000 00000000 11110101 00000000 00000000 00111111 11010001 00000001

Pair 73:
  Challenge: 11111111 11111111 00100101 01000000 00000000 00000000 00000000 00000000 00000000 00010010 00010000 00000010 00000000 00000001 10010101 00110010 10000010 10111110 11000011 01001001 10001011 01101100 00000001 11101011 11000000
  Response: 11111111 11111111 00001010 01000000 00000000 00000000 00000000 00000000 00000000 11110011 00000000 00000000 00111101 11010000 11100001

Pair 74:
  Challenge: 11111111 11111111 00100101 01000000 00000000 00000000 00000000 00000000 00000000 00010010 00010000 00000010 00000000 00000001 10010101 00110010 10000010 10111110 11000011 01001001 10001011 01101100 00000001 11101011 11000000
  Response: 11111111 11111111 00001010 01000000 00000000 00000000 00000000 00000000 00000000 11110101 00000000 00000000 00111111 11010001 00000001

Pair 75:
  Challenge: 11111111 11111111 00100101 01000000 00000000 00000000 00000000 00000000 00000000 00010010 00010000 00000010 00000000 00000001 10010101 00110010 10000010 10111110 11000011 01001001 10001011 01101100 00000001 11101011 11000000
  Response: 11111111 11111111 00001010 01000000 00000000 00000000 00000000 00000000 00000000 11110101 00000000 00000000 00111111 11010001 00000001

Pair 76:
  Challenge: 11111111 11111111 00100101 01000000 00000000 00000000 00000000 00000000 00000000 00010010 00010000 00000010 00000000 00000001 10010101 00110010 10000010 10111110 11000011 01001001 10001011 01101100 00000001 11101011 11000000
  Response: 11111111 11111111 00001010 01000000 00000000 00000000 00000000 00000000 00000000 11110101 00000000 00000000 00111111 11010001 00000001

