modem 1760889649 - 00
machine 1760889649 - 00
machine 1760889650 - ff ff 12 40 00 00 00 00 00 04 0f 5a 00 00 00 00 00 00 00 00 bf 0a 33
modem 1760889651 - ff ff 0a 00 00 00 00 00 00 61 00 07 72
machine 1760889651 - ff ff 2e 40 00 00 00 00 00 62 45 2b 2b 32 2e 31 37 00 32 30 32 34 31 32 32 34 f1 00 00 30 30 30 30 30 30 30 31 00 55 2d 57 4d 54 00 00 00 00 0c bc 74 91
modem 1760889651 - ff ff 08 40 00 00 00 00 00 70 b8 86 41
machine 1760889651 - ff ff 28 40 00 00 00 00 00 71 20 1c 51 89 0c 31 c3 08 05 03 00 21 80 00 78 45 00 00 00 03 00 00 00 00 00 00 00 00 00 00 00 40 a0 ff 55 87
modem 1760889651 - ff ff 0a 40 00 00 00 00 00 01 4d 01 99 b3 b4
machine 1760889651 - ff ff 43 40 00 00 00 00 00 02 6d 01 01 30 10 03 00 00 00 20 04 03 05 01 00 01 02 30 00 00 00 00 0a 0f 08 14 05 05 06 05 04 1a 04 1a 04 1a 00 00 00 00 00 00 00 00 00 00 00 00 00 00 00 01 00 00 00 00 00 01 00 3d 8d f4
modem 1760889651 - ff ff 08 40 00 00 00 00 00 73 bb 87 01
machine 1760889652 - ff ff 46 40 00 00 00 00 00 06 6d 02 00 00 00 01 00 00 00 00 00 00 00 00 04 01 02 01 00 00 00 00 0a 0f 08 07 05 05 05 00 01 69 00 00 00 24 01 4c 24 02 01 00 00 00 00 00 00 00 00 00 00 00 00 00 00 00 00 00 00 00 00 00 3d 67 40
modem 1760889652 - ff ff 08 40 00 00 00 00 00 05 4d 61 80
machine 1760889652 - ff ff 12 40 00 00 00 00 00 74 0f 5a 00 00 00 00 00 00 00 00 2f cb 99
machine 1760889655 - ff ff 43 40 00 00 00 00 00 06 6d 01 01 30 10 03 00 00 00 20 04 03 05 01 00 01 02 30 00 00 00 00 0a 0f 08 14 05 05 06 05 04 1a 04 1a 04 1a 00 00 00 00 00 00 00 00 00 00 00 00 00 00 00 01 00 00 00 00 00 01 00 41 7d f0
modem 1760889655 - ff ff 08 40 00 00 00 00 00 05 4d 61 80
modem 1760889655 - ff ff 19 40 00 00 00 00 00 11 00 f0 38 36 32 38 31 37 30 36 38 33 36 37 39 34 39 7e cc 81
machine 1760889655 - ff ff 08 40 00 00 00 00 00 05 4d 61 80
modem 1760889659 - ff ff 19 40 00 00 00 00 00 11 00 f0 38 36 32 38 31 37 30 36 38 33 36 37 39 34 39 7e cc 81
machine 1760889659 - ff ff 08 40 00 00 00 00 00 05 4d 61 80
machine 1760889661 - ff ff 25 40 00 00 00 00 00 12 10 02 00 01 78 8c 6f f2 d9 2d c8 55 01 58 29 f7 e3 63 e7 64 00 77 9d f4 b1 b8 83 fd df ec 56 24
modem 1760889661 - ff ff 08 40 00 00 00 00 00 05 4d 61 80
modem 1760889661 - ff ff 0a 40 00 00 00 00 00 f3 00 00 3d d0 e1
modem 1760889662 - ff ff 22 40 00 00 00 00 00 f7 01 03 01 08 00 01 00 00 00 00 03 00 02 06 01 00 01 00 02 00 03 04 00 01 1b 00 99 22 11
machine 1760889662 - ff ff 08 40 00 00 00 00 00 05 4d 61 80
modem 1760889662 - ff ff 0a 40 00 00 00 00 00 f5 00 00 3f d1 01
modem 1760889662 - ff ff 0a 40 00 00 00 00 00 f5 00 00 3f d1 01
modem 1760889662 - ff ff 0a 40 00 00 00 00 00 f5 00 00 3f d1 01
modem 1760889663 - ff ff 19 40 00 00 00 00 00 11 00 f0 38 36 32 38 31 37 30 36 38 33 36 37 39 34 39 7e cc 81
machine 1760889663 - ff ff 08 40 00 00 00 00 00 05 4d 61 80
modem 1760889665 - ff ff 25 40 00 00 00 00 00 11 10 02 00 01 64 38 63 4f 4e 79 47 30 01 17 70 f0 a8 83 ab e0 59 1d cb 20 35 44 8e 4c 79 70 56 b9
machine 1760889665 - ff ff 08 40 00 00 00 00 00 05 4d 61 80
machine 1760889665 - ff ff 43 40 00 00 00 00 00 06 6d 01 01 30 30 03 00 00 00 20 04 03 05 01 00 01 02 30 00 00 00 00 0a 0f 08 14 05 05 06 05 04 1a 04 1a 04 1a 00 00 00 00 00 00 00 00 00 00 00 00 00 00 00 01 00 00 00 00 00 01 00 61 c8 a5
modem 1760889665 - ff ff 08 40 00 00 00 00 00 05 4d 61 80
modem 1760889667 - ff ff 19 40 00 00 00 00 00 11 00 f0 38 36 32 38 31 37 30 36 38 33 36 37 39 34 39 7e cc 81
machine 1760889667 - ff ff 08 40 00 00 00 00 00 05 4d 61 80
modem 1760889669 - ff ff 20 40 00 00 00 00 00 11 10 00 68 f5 0b 45 07 e9 0a 14 00 01 09 02 00 08 00 00 00 00 00 00 00 00 50 1a 33
machine 1760889669 - ff ff 08 40 00 00 00 00 00 05 4d 61 80
modem 1760889670 - ff ff 08 40 00 00 00 00 00 09 51 64 80
machine 1760889670 - ff ff 08 40 00 00 00 00 00 05 4d 61 80
modem 1760889671 - ff ff 19 40 00 00 00 00 00 11 00 f0 38 36 32 38 31 37 30 36 38 33 36 37 39 34 39 7e cc 81
machine 1760889671 - ff ff 08 40 00 00 00 00 00 05 4d 61 80
modem 1760889680 - ff ff 22 40 00 00 00 00 00 f7 01 03 01 08 00 01 00 00 00 00 03 00 02 06 01 00 01 00 02 00 03 04 00 02 1a 00 99 b2 e0
machine 1760889680 - ff ff 08
machine 1760889680 - 40 00 00 00 00 00 05 4d 61 80
modem 1760889680 - ff ff 08 40 00 00 00 00 00 eb 33 2d 00
machine 1760889680 - ff ff 2e 40 00 00 00 00 00 ec 43 45 41 42 39 55 51 30 30 00 00 00 00 00 00 00 00 00 00 00 30 30 30 30 30 30 32 30 32 34 31 32 32 34 02 22 01 00 7a 63 1b
modem 1760889680 - ff ff 09 40 00 00 00 00 00 e9 00 32 f0 21
machine 1760889680 - ff ff 2c 40 00 00 00 00 00 ea 00 30 30 32 31 38 30 30 30 37 38 45 48 44 35 31 30 38 44 55 5a 30 30 30 30 30 30 32 30 32 34 31 32 32 34 01 94 88 58
modem 1760889682 - ff ff 22 40 00 00 00 00 00 f7 01 03 01 08 00 01 00 00 00 00 03 00 02 06 01 00 01 00 02 00 03 04 00 02 1a 00 99 b2 e0
machine 1760889682 - ff ff 08 40 00 00 00 00 00 05 4d 61 80
bind
modem 1760889712 - ff ff 22 40 00 00 00 00 00 f7 01 03 01 08 00 01 00 00 00 00 03 00 02 06 01 00 01 00 02 00 03 04 00 02 1b 00 9a 22 e1
machine 1760889712 - ff ff 08 40 00 00 00 00 00 05 4d 61 80
unbind
bind
unbind
modem 1760889742 - ff ff 22 40 00 00 00 00 00 f7 01 03 01 08 00 01 00 00 00 00 03 00 02 06 01 00 01 00 02 00 03 04 00 02 1b 00 9a 22 e1
machine 1760889742 - ff ff 08 40 00 00 00 00 00 05 4d 61 80
bind
unbind
modem 1760889772 - ff ff 22 40 00 00 00 00 00 f7 01 03 01 08 00 01 00 00 00 00 03 00 02 06 01 00 01 00 02 00 03 04 00 02 1c 00 9b 12 e3
machine 1760889772 - ff ff 08 40 00 00 00 00 00 05 4d 61 80
modem 1760889772 - ff ff 08 40 00 00 00 00 00 73 bb 87 01
machine 1760889772 - ff ff 12 40 00 00 00 00 00 74 0f 5a 00 00 00 00 00 00 00 00 2f cb 99
bind
unbind
bind
unbind
modem 1760889802 - ff ff 22 40 00 00 00 00 00 f7 01 03 01 08 00 01 00 00 00 00 03 00 02 06 01 00 01 00 02 00 03 04 00 02 1b 00 9a 22 e1
machine 1760889802 - ff ff 08 40 00 00 00 00 00 05 4d 61 80
