machine 1760929649 - 00
machine 1760929649 - ff ff 12 40 00 00 00 00 00 04 0f 5a 00 00 00 00 00 00 00 00 bf 0a 33
modem 1760929651 - ff ff 0a 00 00 00 00 00 00 61 00 07 72
machine 1760929651 - ff ff 2e 40 00 00 00 00 00 62 45 2b 2b 32 2e 31 37 00 32 30 32 34 31 32 32 34 f1 00 00 30 30 30 30 30 30 30 31 00 55 2d 57 4d 54 00 00 00 00 0c bc 74 91
modem 1760929651 - ff ff 08 40 00 00 00 00 00 70 b8 86 41
machine 1760929651 - ff ff 28 40 00 00 00 00 00 71 20 1c 51 89 0c 31 c3 08 05 03 00 21 80 00 78 45 00 00 00 03 00 00 00 00 00 00 00 00 00 00 00 40 a0 ff 55 87
modem 1760929651 - ff ff 0a 40 00 00 00 00 00 01 4d 01 99 b3 b4
machine 1760929651 - ff ff 43 40 00 00 00 00 00 02 6d 01 01 30 10 03 00 00 00 20 04 03 05 01 00 01 02 30 00 00 00 00 0a 0f 08 14 05 05 06 05 04 1a 04 1a 04 1a 00 00 00 00 00 00 00 00 00 00 00 00 00 00 00 01 00 00 00 00 00 01 00 3d 8d f4
modem 1760929651 - ff ff 08 40 00 00 00
modem 1760929651 - 00 00 73 bb 87 01
machine 1760929651 - ff ff 46 40 00 00 00 00 00 06 6d 02 00 00 00 01 00 00 00 00 00 00 00 00 04 01 02 01 00 00 00 00 0a 0f 08 07 05 05 05 00 01 69 00 00 00 24 01 4c 24 02 01 00 00 00 00 00 00 00 00 00 00 00 00 00 00 00 00 00 00 00 00 00 3d 67 40
modem 1760929651 - ff ff 08 40 00 00 00 00 00 05 4d 61 80
machine 1760929651 - ff ff 12 40 00 00 00 00 00 74 0f 5a 00 00 00 00 00 00 00 00 2f cb 99
machine 1760929654 - ff ff 43 40 00 00 00 00 00 06 6d 01 01 30 10 03 00 00 00 20 04 03 05 01 00 01 02 30 00 00 00 00 0a 0f 08 14 05 05 06 05 04 1a 04 1a 04 1a 00 00 00 00 00 00 00 00 00 00 00 00 00 00 00 01 00 00 00 00 00 01 00 41 7d f0
modem 1760929654 - ff ff 08 40 00 00 00 00 00 05 4d 61 80
modem 1760929654 - ff ff 19 40 00 00 00 00 00 11 00 f0 38 36 32 38 31 37 30 36 38 33 36 37 39 34 39 7e cc 81
machine 1760929654 - ff ff 08 40 00 00 00 00 00 05 4d 61 80
modem 1760929658 - ff ff 19 40 00 00 00 00 00 11 00 f0 38 36 32 38 31 37 30 36 38 33 36 37 39 34 39 7e cc 81
machine 1760929658 - ff ff 08 40 00 00 00 00 00 05 4d 61 80
machine 1760929660 - ff ff 25 40 00 00 00 00 00 12 10 02 00 01 f2 68 e8 23 4b 10 41 ee 01 5e da ad 82 90 b6 56 95 f9 94 74 5d 6b 6f d9 53 76 d7 b7
modem 1760929660 - ff ff 08 40 00 00 00 00 00 05 4d 61 80
modem 1760929661 - ff ff 0a 40 00 00 00 00 00 f3 00 00 3d d0 e1
modem 1760929661 - ff ff 22 40 00 00 00 00 00 f7 01 03 01 08 00 01 00 00 00 00 03 00 02 06 01 00 01 00 02 00 03 04 00 01 1b 00 99 22 11
machine 1760929661 - ff ff 08 40 00 00 00 00 00 05 4d 61 80
modem 1760929661 - ff ff 0a 40 00 00 00 00 00 f5 00 00 3f d1 01
modem 1760929661 - ff ff 0a 40 00 00 00 00 00 f5 00 00 3f d1 01
modem 1760929662 - ff ff 0a 40 00 00 00 00 00 f5 00 00 3f d1 01
modem 1760929662 - ff ff 19 40 00 00 00 00 00 11 00 f0 38 36 32 38 31 37 30 36 38 33 36 37 39 34 39 7e cc 81
machine 1760929662 - ff ff 08 40 00 00 00 00 00 05 4d 61 80
modem 1760929663 - ff ff 25 40 00 00 00 00 00 11 10 02 00 01 44 45 73 48 48 39 5a 36 01 eb 99 4c 66 6f f9 71 72 ed 18 c9 09 a6 c4 e9 40 ca 60 c5
machine 1760929663 - ff ff 08 40 00 00 00 00 00 05 4d 61 80
machine 1760929663 - ff ff 43 40 00 00 00 00 00 06 6d 01 01 30 30 03 00 00 00 20 04 03 05 01 00 01 02 30 00 00 00 00 0a 0f 08 14 05 05 06 05 04 1a 04 1a 04 1a 00 00 00 00 00 00 00 00 00 00 00 00 00 00 00 01 00 00 00 00 00 01 00 61 c8 a5
modem 1760929663 - ff ff 08 40 00 00 00 00 00 05 4d 61 80
modem 1760929666 - ff ff 19 40 00 00 00 00 00 11 00 f0 38 36 32 38 31 37 30 36 38 33 36 37 39 34 39 7e cc 81
machine 1760929666 - ff ff 08 40 00 00 00 00 00 05 4d 61 80
modem 1760929668 - ff ff 08 40 00 00 00 00 00 09 51 64 80
machine 1760929668 - ff ff 08 40 00 00 00 00 00 05 4d 61 80
modem 1760929669 - ff ff 20 40 00 00 00 00 00 11 10 00 68 f5 a7 85 07 e9 0a 14 0b 07 31 02 00 08 00 00 00 00 00 00 00 00 65 ed 25
machine 1760929669 - ff ff 08 40 00 00 00 00 00 05 4d 61 80
modem 1760929670 - ff ff 19 40 00 00 00 00 00 11 00 f0 38 36 32 38 31 37 30 36 38 33 36 37 39 34 39 7e cc 81
machine 1760929670 - ff ff 08 40 00 00 00 00 00 05 4d 61 80
reset
modem 1760929680 - ff ff 22 40 00 00 00 00 00 f7 01 03 01 08 00 01 00 00 00 00 03 00 02 06 01 00 01 00 02 00 03 04 00 02 1b 00 9a
modem 1760929680 - 22 e1
machine 1760929680 - ff ff 08 40 00 00 00 00 00 05 4d 61 80
modem 1760929680 - ff ff 08 40 00 00 00 00 00 eb 33 2d 00
machine 1760929680 - ff ff 2e 40 00 00 00 00 00 ec 43 45 41 42 39 55 51 30 30 00 00 00 00 00 00 00 00 00 00 00 30 30 30 30 30 30 32 30 32 34 31 32 32 34 02 22 01 00 7a 63 1b
modem 1760929680 - ff ff 09 40 00 00 00 00 00 e9 00 32 f0 21
machine 1760929680 - ff ff 2c 40 00 00 00 00 00 ea 00 30 30 32 31 38 30 30 30 37 38 45 48 44 35 31 30 38 44 55 5a 30 30 30 30 30 30 32 30 32 34 31 32 32 34 01 94 88 58
modem 1760929682 - ff ff 22 40 00 00 00 00 00 f7 01 03 01 08 00 01 00 00 00 00 03 00 02 06 01 00 01 00 02 00 03 04 00 02 1c 00 9b 12 e3
machine 1760929682 - ff ff 08 40 00 00 00 00 00 05 4d 61 80
reset
modem 1760929708 - ff ff 0c 40 00 00 00 00 00 01 5d 1f
modem 1760929708 - 00 01 ca bb 9b
machine 1760929708 - ff ff 43 40 00 00 00 00 00 02 6d 01 01 30 30 03 00 00 00 20 04 03 05 01 00 01 02 30 00 00 00 00 0a 0f 08 14 05 05 06 05 04 1a 04 1a 04 1a 00 00 00 00 00 00 00 00 00 00 00 00 00 00 00 01 00 00 00 00 00 01 00 5d 38 a1
machine 1760929709 - ff ff 12 40 00 00 00 00 00 04 0f 5a 00 00 00 00 00 00 00 00 bf 0a 33
modem 1760929709 - ff ff 08 40 00 00 00 00 00 05 4d 61 80
modem 1760929710 - ff ff 08 40 00 00 00 00 00 09 51 64 80
machine 1760929710 - ff ff 08 40 00 00 00 00 00 05 4d 61 80
modem 1760929712 - ff ff 22 40 00 00 00 00 00 f7 01 03 01 08 00 01 00 00 00 00 03 00 02 06 01 00 01 00 02 00 03 04 00 02 17 00 96 22 e4
machine 1760929712 - ff ff 08 40 00 00 00 00 00 05 4d 61 80
machine 1760929714 - ff ff 43 40 00 00 00 00 00 06 6d 01 01 30 30 03 00 00 00 20 04 03 05 01 00 01 02 30 00 00 00 00 0a 0f 08 14 05 05 06 05 04 1a 04 1a 04 1a 00 00 00 00 00 00 00 00 00 00 00 00 00 00 00 01 00 00 00 00 00 01 00 61 c8 a5
modem 1760929714 - ff ff 08 40 00 00 00 00 00 05 4d 61 80
mode1
modem 1760929719 - ff ff 0e 40 00 00 00 00 00 60 00 01 01 00 00 00 b0 34 ad
machine 1760929719 - ff ff 08 40 00 00 00 00 00 05 4d 61 80
machine 1760929719 - ff ff 43 40 00 00 00 00 00 06 6d 01 01 b0 31 03 00 03 00 20 04 03 05 01 00 01 02 30 00 00 00 00 0a 0f 08 14 05 05 06 05 04 1a 04 1a 04 1a 00 00 00 00 00 00 00 00 00 00 00 00 00 00 00 01 00 00 00 00 00 01 00 e5 64 4d
modem 1760929719 - ff ff 08 40 00 00 00 00 00 05 4d 61 80
reset
modem 1760929732 - ff ff 0c 40 00 00 00 00 00 01 5d 1f 00 01 ca bb 9b
machine 1760929733 - ff ff 43 40 00 00 00 00 00 02 6d 01 01 30 30 03 00 00 00 20 04 03 05 01 00 01 02 30 00 00 00 00 0a 0f 08 14 05 05 06 05 04 1a 04 1a 04 1a 00 00 00 00 00 00 00 00 00 00 00 00 00 00 00 01 00 00 00 00 00 01 00 5d 38 a1
machine 1760929733 - ff ff 12 40 00 00 00 00 00 04 0f 5a 00 00 00 00 00 00 00 00 bf 0a 33
modem 1760929733 - ff ff 08 40 00 00 00 00 00 05 4d 61 80
modem 1760929734 - ff ff 08 40 00 00 00 00 00 09 51 64 80
machine 1760929734 - ff ff 08 40 00 00 00 00 00 05 4d 61 80
mode1
machine 1760929738 - ff ff 43 40 00 00 00 00 00 06 6d 01 01 30 30 03 00 00 00 20 04 03 05 01 00 01 02 30 00 00 00 00 0a 0f 08 14 05 05 06 05 04 1a 04 1a 04 1a 00 00 00 00 00 00 00 00 00 00 00 00 00 00 00 01 00 00 00 00 00 01 00 61 c8 a5
modem 1760929738 - ff ff 08 40 00 00 00 00 00 05 4d 61 80
modem 1760929739 - ff ff 0e 40 00 00 00 00 00 60 00 01 01 00 00 00 b0 34 ad
machine 1760929739 - ff ff 08 40 00 00 00 00 00 05 4d 61 80
machine 1760929739 - ff ff 43 40 00 00 00 00 00 06 6d 01 01 b0 31 03 00 03 00 20 04 03 05 01 00 01 02 30 00 00 00 00 0a 0f 08 14 05 05 06 05 04 1a 04 1a 04 1a 00 00 00 00 00 00 00 00 00 00 00 00 00 00 00 01 00 00 00 00 00 01 00 e5 64 4d
modem 1760929739 - ff ff 08 40 00 00 00 00 00 05 4d 61 80
modem 1760929742 - ff ff 22 40 00 00 00 00 00 f7 01 03 01 08 00 01 00 00 00 00 03 00 02 06 01 00 01 00 02 00 03 04 00 02 18 00 97 d2 e1
machine 1760929742 - ff ff 08 40 00 00 00 00 00 05 4d 61 80
reset
modem 1760929749 - ff ff 0c 40 00 00 00 00 00 01 5d 1f 00 01 ca bb 9b
machine 1760929749 - ff ff 43 40 00 00 00 00 00 02 6d 01 01 30 30 03 00 00 00 20 04 03 05 01 00 01 02 30 00 00 00 00 0a 0f 08 14 05 05 06 05 04 1a 04 1a 04 1a 00 00 00 00 00 00 00 00 00 00 00 00 00 00 00 01 00 00 00 00 00 01 00 5d 38 a1
machine 1760929750 - ff ff 12 40 00 00 00 00 00 04 0f 5a 00 00 00 00 00 00 00 00 bf 0a 33
modem 1760929750 - ff ff 08 40 00 00 00 00 00 05 4d 61 80
modem 1760929751 - ff ff 08 40 00 00 00 00 00 09 51 64 80
machine 1760929751 - ff ff 08 40 00 00 00 00 00 05 4d 61 80
mode2
machine 1760929755 - ff ff 43 40 00 00 00 00 00 06 6d 01 01 30 30 03 00 00 00 20 04 03 05 01 00 01 02 30 00 00 00 00 0a 0f 08 14 05 05 06 05 04 1a 04 1a 04 1a 00 00 00 00 00 00 00 00 00 00 00 00 00 00 00 01 00 00 00 00 00 01 00 61 c8 a5
modem 1760929755 - ff ff 08 40 00 00 00 00 00 05 4d 61 80
modem 1760929755 - ff ff 0e 40 00 00 00 00 00 60 00 01 02 00 00 00 b1 70 ad
machine 1760929755 - ff ff 08 40 00 00 00 00 00 05 4d 61 80
machine 1760929755 - ff ff 43 40 00 00 00 00 00 06 6d 01 02 b0 31 02 00 03 00 14 04 03 05 01 00 01 02 30 00 00 00 00 0a 0f 08 14 05 05 06 05 04 1a 04 1a 04 1a 00 00 00 00 00 00 00 00 00 00 00 00 00 00 00 01 00 00 00 00 00 01 00 d9 5f 6b
modem 1760929755 - ff ff 08 40 00 00 00 00 00 05 4d 61 80
reset
modem 1760929769 - ff ff 0c 40 00 00 00 00 00 01 5d 1f 00 01 ca bb 9b
machine 1760929769 - ff ff 43 40 00 00 00 00 00 02 6d 01 02 30 30 02 00 00 00 14 04 03 05 01 00 01 02 30 00 00 00 00 0a 0f 08 14 05 05 06 05 04 1a 04 1a 04 1a 00 00 00 00 00 00 00 00 00 00 00 00 00 00 00 01 00 00 00 00 00 01 00 51 03 87
machine 1760929769 - ff ff 12 40 00 00 00 00 00 04 0f 5a 00 00 00 00 00 00 00 00 bf 0a 33
modem 1760929769 - ff ff 08 40 00 00 00 00 00 05 4d 61 80
modem 1760929770 - ff ff 08 40 00 00 00 00 00 09 51 64 80
machine 1760929770 - ff ff 08 40 00 00 00 00 00 05 4d 61 80
modem 1760929772 - ff ff 22 40 00 00 00 00 00 f7 01 03 01 08 00 01 00 00 00 00 03 00 02 06 01 00 01 00 02 00 03 04 00 02 16 00 95 b2 e5
machine 1760929772 - ff ff 08 40 00 00 00 00 00 05 4d 61 80
modem 1760929772 - ff ff 08 40 00 00 00 00 00 73 bb 87 01
machine 1760929772 - ff ff 12 40 00 00 00 00 00 74 0f 5a 00 00 00 00 00 00 00 00 2f cb 99
mode2
machine 1760929774 - ff ff 43 40 00 00 00 00 00 06 6d 01 01 30 30 03 00 00 00 20 04 03 05 01 00 01 02 30 00 00 00 00 0a 0f 08 14 05 05 06 05 04 1a 04 1a 04 1a 00 00 00
machine 1760929774 - 00 00 00
machine 1760929774 - 00 00 00 00 00 00 00 00 00 01 00 00 00 00 00 01 00 61 c8 a5
modem 1760929774 - ff ff 08 40 00 00 00 00 00 05 4d 61 80
modem 1760929776 - ff ff 0e 40 00 00 00 00 00 60 00 01 02 00 00 00 b1 70 ad
machine 1760929776 - ff ff 08 40 00 00 00 00 00 05 4d 61 80
machine 1760929776 - ff ff 43 40 00 00 00 00 00 06 6d 01 02 b0 31 02 00 03 00 14 04 03 05 01 00 01 02 30 00 00 00 00 0a 0f 08 14 05 05 06 05 04 1a 04 1a 04 1a 00 00 00 00 00 00 00 00 00 00 00 00 00 00 00 01 00 00 00 00 00 01 00 d9 5f 6b
modem 1760929776 - ff ff 08 40 00 00 00 00 00 05 4d 61 80
reset
modem 1760929787 - ff ff 0c 40 00 00 00 00 00 01 5d 1f 00 01 ca bb 9b
machine 1760929788 - ff ff 43 40 00 00 00 00 00 02 6d 01 02 30 30 02 00 00 00 14 04 03 05 01 00 01 02 30 00 00 00 00 0a 0f 08 14 05 05 06 05 04 1a 04 1a 04 1a 00 00 00 00 00 00 00 00 00 00 00 00 00 00 00 01 00 00 00 00 00 01 00 51 03 87
machine 1760929788 - ff ff 12 40 00 00 00 00 00 04 0f 5a 00 00 00 00 00 00 00 00 bf 0a 33
modem 1760929788 - ff ff 08 40 00 00 00 00 00 05 4d 61 80
modem 1760929789 - ff ff 08 40 00 00 00 00 00 09 51 64 80
machine 1760929789 - ff ff 08 40 00 00 00 00 00 05 4d 61 80
machine 1760929793 - ff ff 43 40 00 00 00 00 00 06 6d 01 01 30 30 03 00 00 00 20 04 03 05 01 00 01 02 30 00 00 00 00 0a 0f 08 14 05 05 06 05 04 1a 04 1a 04 1a 00 00 00 00 00 00 00 00 00 00 00 00 00 00 00 01 00 00 00 00 00 01 00 61 c8 a5
modem 1760929793 - ff ff 08 40 00 00 00 00 00 05 4d 61 80
mode3
modem 1760929795 - ff ff 0e 40 00 00 00 00 00 60 00 01 03 00 00 00 b2 8c ac
machine 1760929795 - ff ff 08 40 00 00 00 00 00 05 4d 61 80
machine 1760929795 - ff ff 43 40 00 00 00 00 00 06 6d 01 03 b0 31 04 00 03 00 32 04 03 05 01 00 01 02 30 00 00 00 00 0a 0f 08 14 05 05 06 05 04 1a 04 1a 04 1a 00 00 00 00 00 00 00 00 00 00 00 00 00 00 00 01 00 00 00 00 00 01 00 fa d2 43
modem 1760929795 - ff ff 08 40 00 00 00 00 00 05 4d 61 80
modem 1760929802 - ff ff 22 40 00 00 00 00 00 f7 01 03 01 08 00 01 00 00 00 00 03 00 02 06 01 00 01 00 02 00 03 04 00 02 17 00 96 22 e4
machine 1760929802 - ff ff 08 40 00 00 00 00 00 05 4d 61 80
reset
modem 1760929806 - ff ff 0c 40 00 00 00 00 00 01 5d 1f 00 01 ca bb 9b
machine 1760929806 - ff ff 43 40 00 00 00 00 00 02 6d 01 03 30 30 04 00 00 00 32 04 03 05 01 00 01 02 30 00 00 00 00 0a 0f 08 14 05 05 06 05 04 1a 04 1a 04 1a 00 00 00 00 00 00 00 00 00 00 00 00 00 00 00 01 00 00 00 00 00 01 00 72 8e af
machine 1760929806 - ff ff 12 40 00 00 00 00 00 04 0f 5a 00 00 00 00 00 00 00 00 bf 0a 33
modem 1760929806 - ff ff 08 40 00 00 00 00 00 05 4d 61 80
modem 1760929807 - ff ff 08 40 00 00 00 00 00 09 51 64 80
machine 1760929807 - ff ff 08 40 00 00 00 00 00 05 4d 61 80
machine 1760929812 - ff ff 43 40 00 00 00 00 00 06 6d 01 01 30 30 03 00 00 00 20 04 03 05 01 00 01 02 30 00 00 00 00 0a 0f 08 14 05 05 06 05 04 1a 04 1a 04 1a 00 00 00 00 00 00 00 00 00 00 00 00 00 00 00 01 00 00 00 00 00 01 00 61 c8 a5
modem 1760929812 - ff ff 08 40 00 00 00 00 00 05 4d 61 80
mode3
modem 1760929815 - ff ff 0e 40 00 00 00 00 00 60 00 01 03 00 00 00 b2 8c ac
machine 1760929815 - ff ff 08 40 00 00 00 00 00 05 4d 61 80
machine 1760929815 - ff ff 43 40 00 00 00 00 00 06 6d 01 03 b0 31 04 00 03 00 32 04 03 05 01 00 01 02 30 00 00 00 00 0a 0f 08 14 05 05 06 05 04 1a 04 1a 04 1a 00 00 00 00 00 00 00 00 00 00 00 00 00 00 00 01 00 00 00 00 00 01 00 fa d2 43
modem 1760929815 - ff ff 08 40 00 00 00 00 00 05 4d 61 80
reset
modem 1760929827 - ff ff 0c 40 00 00 00 00 00 01 5d 1f 00 01 ca bb 9b
machine 1760929827 - ff ff 43 40 00 00 00 00 00 02 6d 01 03 30 30 04 00 00 00 32 04 03 05 01 00 01 02 30 00 00 00 00 0a 0f 08 14 05 05 06 05 04 1a 04 1a 04 1a 00 00 00 00 00 00 00 00 00 00 00 00 00 00 00 01 00 00 00 00 00 01 00 72 8e af
machine 1760929827 - ff ff 12 40 00 00 00 00 00 04 0f 5a 00 00 00 00 00 00 00 00 bf 0a 33
modem 1760929827 - ff ff 08 40 00 00 00 00 00 05 4d 61 80
modem 1760929829 - ff ff 08 40 00 00 00 00 00 09 51 64 80
machine 1760929829 - ff ff 08 40 00 00 00 00 00 05 4d 61 80
modem 1760929831 - ff ff 22 40 00 00 00 00 00 f7 01 03 01 08 00
modem 1760929832 - 01 00 00 00 00 03 00 02 06 01 00 01 00 02 00 03 04 00 02 17 00 96 22 e4
machine 1760929832 - ff ff 08 40 00 00 00 00 00 05 4d 61 80
machine 1760929833 - ff ff 43 40 00 00 00 00 00 06 6d 01 01 30 30 03 00 00 00 20 04 03 05 01 00 01 02 30 00 00 00 00 0a 0f 08 14 05 05 06 05 04 1a 04 1a 04 1a 00 00 00 00 00 00 00 00 00 00 00 00 00 00 00 01 00 00 00 00 00 01 00 61 c8 a5
modem 1760929833 - ff ff 08 40 00 00 00 00 00 05 4d 61 80
mode4
modem 1760929838 - ff ff 0e 40 00 00 00 00 00 60 00 01 04 00 00 00 b3 f8 ad
machine 1760929838 - ff ff 08 40 00 00 00 00 00 05 4d 61 80
machine 1760929839 - ff ff 43 40 00 00 00 00 00 06 6d 01 04 b0 31 04 00 0b 00 07 04 03 05 01 00 01 02 30 00 00 00 00 0a 0f 08 14 05 05 06 05 04 1a 04 1a 04 1a 00 00 00 00 00 00 00 00 00 00 00 00 00 00 00 01 00 00 00 00 00 01 00 d8 5e bd
modem 1760929839 - ff ff 08 40 00 00 00 00 00 05 4d 61 80
reset
modem 1760929852 - ff ff 0c 40 00 00 00 00 00 01 5d 1f 00 01 ca bb 9b
machine 1760929852 - ff ff 43 40 00 00 00 00 00 02 6d 01 04 30 30 04 00 00 00 07 04 03 05 01 00 01 02 30 00 00 00 00 0a 0f 08 14 05 05 06 05 04 1a 04 1a 04 1a 00 00 00 00 00 00 00 00 00 00 00 00 00 00 00 01 00 00 00 00 00 01 00 48 8e 3e
machine 1760929852 - ff ff 12 40 00 00 00 00 00 04 0f 5a 00 00 00 00 00 00 00 00 bf 0a 33
modem 1760929852 - ff ff 08 40 00 00 00 00 00 05 4d 61 80
machine 1760929858 - ff ff 43 40 00 00 00 00 00 06 6d 01 01 30 30 03 00 00 00 20 04 03 05 01 00 01 02 30 00 00 00 00 0a 0f 08 14 05 05 06 05 04 1a 04 1a 04 1a 00 00 00 00 00 00 00 00 00 00 00 00 00 00 00 01 00 00 00 00 00 01 00 61 c8 a5
modem 1760929858 - ff ff 08 40 00 00 00 00 00 05 4d 61 80
modem 1760929858 - ff ff 08 40 00 00 00 00 00 09 51 64 80
machine 1760929858 - ff ff 08 40 00 00 00 00 00 05 4d 61 80
mode4
modem 1760929862 - ff ff 22 40 00 00 00 00 00 f7 01 03 01 08 00 01 00 00 00 00 03 00 02 06 01 00 01 00 02 00 03 04 00 02 18 00 97 d2 e1
machine 1760929862 - ff ff 08 40 00 00 00 00 00 05 4d 61 80
modem 1760929862 - ff ff 0e 40 00 00 00 00 00 60 00 01 04 00 00 00 b3 f8 ad
machine 1760929862 - ff ff 08 40 00 00 00 00 00 05 4d 61 80
machine 1760929862 - ff ff 43 40 00 00 00 00 00 06 6d 01 04 b0 31 04 00 0b 00 07 04 03 05 01 00 01 02 30 00 00 00 00 0a 0f 08 14 05 05 06 05 04 1a 04 1a 04 1a 00 00 00 00 00 00 00 00 00 00 00 00 00 00 00 01 00 00 00 00 00 01 00 d8 5e bd
modem 1760929862 - ff ff 08 40 00 00 00 00 00 05 4d 61 80
reset
modem 1760929881 - ff ff 0c 40 00 00 00 00 00 01 5d 1f 00 01 ca bb 9b
machine 1760929881 - ff ff 43 40 00 00 00 00 00 02 6d 01 04 30 30 04 00 00 00 07 04 03 05 01 00 01 02 30 00 00 00 00 0a 0f 08 14 05 05 06 05 04 1a 04 1a 04 1a 00 00 00 00 00 00 00 00 00 00 00 00 00 00 00 01 00 00 00 00 00 01 00 48 8e 3e
machine 1760929882 - ff ff 12 40 00 00 00 00 00 04 0f 5a 00 00 00 00 00 00 00 00 bf 0a 33
modem 1760929882 - ff ff 08 40 00 00 00 00 00 05 4d 61 80
modem 1760929883 - ff ff 08 40 00 00 00 00 00 09 51 64 80
machine 1760929883 - ff ff 08 40 00 00 00 00 00 05 4d 61 80
machine 1760929887 - ff ff 43 40 00 00 00 00 00 06 6d 01 01 30 30 03 00 00 00 20 04 03 05 01 00 01 02 30 00 00 00 00 0a 0f 08 14 05 05 06 05 04 1a 04 1a 04 1a 00 00 00 00 00 00 00 00 00 00 00 00 00 00 00 01 00 00 00 00 00 01 00 61 c8 a5
modem 1760929887 - ff ff 08 40 00 00 00 00 00 05 4d 61 80
