modem 1760930935 - 00
machine 1760930935 - 00
machine 1760930935 - ff ff 12 40 00 00 00 00 00 04 0f 5a 00 00 00 00 00 00 00 00 bf 0a 33
modem 1760930937 - ff ff 0a 00 00 00 00 00 00 61 00 07 72
machine 1760930937 - ff ff 2e 40 00 00 00 00 00 62 45 2b 2b 32 2e 31 37 00 32 30 32 34 31 32 32 34 f1 00 00 30 30 30 30 30 30 30 31 00 55 2d 57 4d 54 00 00 00 00 0c bc 74 91
modem 1760930937 - ff ff 08 40 00 00 00 00 00 70 b8 86 41
machine 1760930937 - ff ff 28 40 00 00 00 00 00 71 20 1c 51 89 0c 31 c3 08 05 03 00 21 80 00 78 45 00 00 00 03 00 00 00 00 00 00 00 00 00 00 00 40 a0 ff 55 87
modem 1760930937 - ff ff 0a 40 00 00 00 00 00 01 4d 01 99 b3 b4
machine 1760930937 - ff ff 43 40 00 00 00 00 00 02 6d 01 01 30 10 03 00 00 00 20 04 03 05 01 00 01 02 30 00 00 00 00 0a 0f 08 14 05 05 06 05 04 1a 04 1a 04 1a 00 00 00 00 00 00 00 00 00 00 00 00 00 00 00 01 00 00 00 00 00 01 00 3d 8d f4
modem 1760930937 - ff ff 08 40 00 00 00 00 00 73 bb 87 01
machine 1760930937 - ff ff 46 40 00 00 00 00 00 06 6d 02 00 00 00 01 00 00 00 00 00 00 00 00 04 01 02 01 00 00 00 00 0a 0f 08 07 05 05 05 00 01 69 00 00 00 24 01 4c 24 02 01 00 00 00 00 00 00 00 00 00 00 00 00 00 00 00 00 00 00 00 00 00 3d 67 40
modem 1760930937 - ff ff 08 40 00 00 00 00 00 05 4d
modem 1760930937 - 61 80
machine 1760930937 - ff ff 12 40 00 00 00 00 00 74 0f 5a 00 00 00 00 00 00 00 00 2f cb 99
machine 1760930940 - ff ff 43 40 00 00 00 00 00 06 6d 01 01 30 10 03 00 00 00 20 04 03 05 01 00 01 02 30 00 00 00 00 0a 0f 08 14 05 05 06 05 04 1a 04 1a 04 1a 00 00 00 00 00 00 00 00 00 00 00 00 00 00 00 01 00 00 00 00 00 01 00 41 7d f0
modem 1760930940 - ff ff 08 40 00 00 00 00 00 05 4d 61 80
modem 1760930941 - ff ff 19 40 00 00 00 00 00 11 00 f0 38 36 32 38 31 37 30 36 38 33 36 37 39 34 39 7e cc 81
machine 1760930941 - ff ff 08 40 00 00 00 00 00 05 4d 61 80
modem 1760930945 - ff ff 19 40 00 00 00 00 00 11 00 f0 38 36 32 38 31 37 30 36 38 33 36 37 39 34 39 7e cc 81
machine 1760930945 - ff ff 08 40 00 00 00 00 00 05 4d 61 80
machine 1760930946 - ff ff 25 40 00 00 00 00 00 12 10 02 00 01 14 cf 41 45 f2 21 d0 22 01 50 b1 68 2c 8e 1e 72 f3 f2 92 ab 5d a8 b4 64 e5 d0 41 78
modem 1760930946 - ff ff 08 40 00 00 00 00 00 05 4d 61 80
modem 1760930947 - ff ff 0a 40 00 00 00 00 00 f3 00 00 3d d0 e1
modem 1760930948 - ff ff 22 40 00 00 00 00 00 f7 01 03 01 08 00 01 00 00 00 00 03 00 02 06 01 00 01 00 02 00 03 04 00 01 18 00 96 d2 11
machine 1760930948 - ff ff 08 40 00 00 00 00 00 05 4d 61 80
modem 1760930948 - ff ff 0a 40 00 00 00 00 00 f5 00 00 3f d1 01
modem 1760930948 - ff ff 0a 40 00 00 00 00 00 f5 00 00 3f d1 01
modem 1760930948 - ff ff 0a 40 00 00 00 00 00 f5 00 00 3f d1 01
modem 1760930949 - ff ff 19 40 00 00 00 00 00 11 00 f0 38 36 32 38 31 37 30 36 38 33 36 37 39 34 39 7e cc 81
machine 1760930949 - ff ff 08 40 00 00 00 00 00 05 4d 61 80
modem 1760930951 - ff ff 25 40 00 00 00 00 00 11 10 02 00 01 52 41 78 51 57 71 4c 68 01 37 70 ca d4 f6 8f bb 73 2e a6 ea ba d3 ef 54 57 3f ed 1c
machine 1760930952 - ff ff 08 40 00 00 00 00 00 05 4d 61 80
machine 1760930952 - ff ff 43 40 00 00 00 00 00 06 6d 01 01 30 30 03 00 00 00 20 04 03 05 01 00 01 02 30 00 00 00 00 0a 0f 08 14 05 05 06 05 04 1a 04 1a 04 1a 00 00 00 00 00 00 00 00 00 00 00 00 00 00 00 01 00 00 00 00 00 01 00 61 c8 a5
modem 1760930952 - ff ff 08 40 00 00 00 00 00 05 4d 61 80
modem 1760930953 - ff ff 19 40 00 00 00 00 00 11 00 f0 38 36 32 38 31 37 30 36 38 33 36 37 39 34 39 7e cc 81
machine 1760930953 - ff ff 08 40 00 00 00 00 00 05 4d 61 80
modem 1760930955 - ff ff 20 40 00 00 00 00 00 11 10 00 68 f5 ac 8b 07 e9 0a 14 0b 1d 0f 02 00 08 00 00 00 00 00 00 00 00 64 73 65
machine 1760930955 - ff ff 08 40 00 00 00 00 00 05 4d 61 80
modem 1760930957 - ff ff 19 40 00 00 00 00 00 11 00 f0 38 36 32 38 31 37 30 36 38 33 36 37 39 34 39 7e cc 81
machine 1760930957 - ff ff 08 40 00 00 00 00 00 05 4d 61 80
modem 1760930966 - ff ff 22 40 00 00 00 00 00 f7 01 03 01 08 00 01 00 00 00 00 03 00 02 06 01 00 01 00 02 00 03 04 00 02 17 00 96 22 e4
machine 1760930966 - ff ff 08 40 00 00 00 00 00 05 4d 61 80
modem 1760930966 - ff ff 08 40 00 00 00 00 00 eb 33 2d 00
machine 1760930966 - ff ff 2e 40 00 00 00 00 00 ec 43 45 41 42 39 55 51 30 30 00 00 00 00 00 00 00 00 00 00 00 30 30 30 30 30 30 32 30 32 34 31 32 32 34 02 22 01 00 7a 63 1b
modem 1760930966 - ff ff 09 40 00 00 00 00 00 e9 00 32 f0 21
machine 1760930966 - ff ff 2c 40 00 00 00 00 00 ea 00 30 30 32 31 38 30 30 30 37 38 45 48 44 35 31 30 38 44 55 5a 30 30 30 30 30 30 32 30 32 34 31 32 32 34 01 94 88 58
modem 1760930967 - ff ff 22 40 00 00 00 00 00 f7 01 03 01 08 00 01 00 00 00 00 03 00 02 06 01 00 01 00 02 00 03 04 00 02 17 00 96 22 e4
machine 1760930967 - ff ff 08 40 00 00 00 00 00 05 4d 61 80
modem 1760930971 - ff ff 22 40 00 00 00 00 00 f7 01 03 01 08 00 01 00 00 00 00 03 00 02 06 01 00 01 00 02 00 03 04 00 00 17 00 94 e2 45
machine 1760930971 - ff ff 08 40 00 00 00 00 00 05 4d 61 80
modem 1760930974 - ff ff 22 40 00 00 00 00 00 f7 01 03 01 08 00 01 00 00 00 00 03 00 02 06 01 00 01 00 02 00 03 04 00 02 18 00 97 d2 e1
machine 1760930974 - ff ff 08 40 00 00 00 00 00 05 4d 61 80
modem 1760930977 - ff ff 08 40 00 00 00 00 00 09 51 64 80
machine 1760930977 - ff ff 08 40 00 00 00 00 00 05 4d 61 80
modem 1760930996 - 00
machine 1760930996 - 00
machine 1760930996 - ff ff 12 40 00 00 00 00 00 04 0f 5a 00 00 00 00 00 00 00 00 bf 0a 33
modem 1760930998 - ff ff 0a 00 00 00 00 00 00 61 00 07 72
machine 1760930998 - ff ff 2e 40 00 00 00 00 00 62 45 2b 2b 32 2e 31 37 00 32 30 32 34 31 32 32 34 f1 00 00 30 30 30 30 30 30 30 31 00 55 2d 57 4d 54 00 00 00 00 0c bc 74 91
modem 1760930998 - ff ff 08 40 00 00 00 00 00 70 b8 86 41
machine 1760930998 - ff ff 28 40 00 00 00 00 00 71 20 1c 51 89 0c 31 c3 08 05 03 00 21 80 00 78 45 00 00 00 03 00 00 00 00 00 00 00 00 00 00 00 40 a0 ff 55 87
modem 1760930998 - ff ff 0a 40 00 00 00 00 00 01 4d 01 99 b3 b4
machine 1760930998 - ff ff 43 40 00 00 00 00 00 02 6d 01 01 30 10 03 00 00 00 20 04 03 05 01 00 01 02 30 00 00 00 00 0a 0f 08 14 05 05 06 05 04 1a 04 1a 04 1a 00 00 00 00 00 00 00 00 00 00 00 00 00 00 00 01 00 00 00 00 00 01 00 3d 8d f4
modem 1760930998 - ff ff 08 40 00 00 00 00 00 73 bb 87 01
machine 1760930998 - ff ff 46 40 00 00 00 00 00 06 6d 02 00 00 00 01 00 00 00 00 00 00 00 00 04 01 02 01 00 00 00 00 0a 0f 08 07 05 05 05 00 01 69 00 00 00 24 01 4c 24 02 01 00 00 00 00 00 00 00 00 00 00 00 00 00 00 00 00 00 00 00 00 00 3d 67 40
modem 1760930998 - ff ff 08 40 00 00 00 00 00 05 4d 61 80
machine 1760930998 - ff ff 12 40 00 00 00 00 00 74 0f 5a 00 00 00 00 00 00 00 00 2f cb 99
machine 1760931001 - ff ff 43 40 00 00 00 00 00 06 6d 01 01 30 10 03 00 00 00 20 04 03 05 01 00 01 02 30 00 00 00 00 0a 0f 08 14 05 05 06 05 04 1a 04 1a 04 1a 00 00 00 00 00 00 00 00 00 00 00 00 00 00 00 01 00 00 00 00 00 01 00 41 7d f0
modem 1760931001 - ff ff 08 40 00 00 00 00 00 05 4d 61 80
modem 1760931002 - ff ff 19 40 00 00 00 00 00 11 00 f0 38 36 32 38 31 37 30 36 38 33 36 37 39 34 39 7e cc 81
machine 1760931002 - ff ff 08 40 00 00 00 00 00 05 4d 61 80
modem 1760931006 - ff ff 19 40 00 00 00 00 00 11 00 f0 38 36 32 38 31 37 30 36 38 33 36 37 39 34 39 7e cc 81
machine 1760931006 - ff ff 08 40 00 00 00 00 00 05 4d 61 80
machine 1760931007 - ff ff 25 40 00 00 00 00 00 12 10 02 00 01 3f b3 94 40 1b 45 83 6f 01 55 c1 1f e7 c3 d2 25 f5 1b f5 df 6b 30 9a ad 4b 8a 02 60
modem 1760931007 - ff ff 08 40 00 00 00 00 00 05 4d 61 80
modem 1760931008 - ff ff 0a 40 00 00 00 00 00 f3 00 00 3d d0 e1
modem 1760931009 - ff ff 22 40 00 00 00 00 00 f7 01 03 01 08 00 01 00 00 00 00 03 00 02 06 01 00 01 00 02 00 03 04 00 00 1b 00 98 e2 40
machine 1760931009 - ff ff 08 40 00 00 00 00 00 05 4d 61 80
modem 1760931009 - ff ff 0a 40 00 00 00 00 00 f5 00 00 3f d1 01
modem 1760931009 - ff ff 0a 40 00 00 00 00 00 f5 00 00 3f d1 01
modem 1760931009 - ff ff 0a 40 00 00 00 00 00 f5 00 00 3f d1 01
modem 1760931010 - ff ff 19 40 00 00 00 00 00 11 00 f0 38 36 32 38 31 37 30 36 38 33 36 37 39 34 39 7e cc 81
machine 1760931010 - ff ff 08 40 00 00 00 00 00 05 4d 61 80
modem 1760931010 - ff ff 25 40 00 00 00 00 00 11 10 02 00 01 44 35 68 47 6c 54 37 6c 01 ef 89 2c 4e b4 93 5d 1a 88 ed 03 17 4e 65 7a d2 53 79 11
machine 1760931010 - ff ff 08 40 00 00 00 00 00 05 4d 61 80
machine 1760931011 - ff ff 43 40 00 00 00 00 00 06 6d 01 01 30 30 03 00 00 00 20 04 03 05 01 00 01 02 30 00 00 00 00 0a 0f 08 14 05 05 06 05 04 1a 04 1a 04 1a 00 00 00 00 00 00 00 00 00 00 00 00 00 00 00 01 00 00 00 00 00 01 00 61 c8 a5
modem 1760931011 - ff ff 08 40 00 00 00 00 00 05 4d 61 80
modem 1760931014 - ff ff 19 40 00 00 00 00 00 11 00 f0 38 36 32 38 31 37 30 36 38 33 36 37 39 34 39 7e cc 81
machine 1760931014 - ff ff 08 40 00 00 00 00 00 05 4d 61 80
modem 1760931015 - ff ff 08 40 00 00 00 00 00 09 51 64 80
machine 1760931015 - ff ff 08 40 00 00 00 00 00 05 4d 61 80
modem 1760931016 - ff ff 20 40 00 00 00 00 00 11 10 00 68 f5 ac c8 07 e9 0a 14 0b 1e 10 02 00 08 00 00 00 00 00 00 00 00 a3 d0 e4
machine 1760931016 - ff ff 08 40 00 00 00 00 00 05 4d 61 80
modem 1760931018 - ff ff 19 40 00 00 00 00 00 11 00 f0 38 36 32 38 31 37 30 36 38 33 36 37 39 34 39 7e cc 81
machine 1760931018 - ff ff 08 40 00 00 00 00 00 05 4d 61 80
modem 1760931027 - ff ff 22 40 00 00 00 00 00 f7 01 03 01 08 00 01 00 00 00 00 03 00 02 06 01 00 01 00 02 00 03 04 00 02 1b 00 9a 22 e1
machine 1760931027 - ff ff 08 40 00 00 00 00 00 05 4d 61 80
modem 1760931027 - ff ff 08 40 00 00 00 00 00 eb 33 2d 00
machine 1760931027 - ff ff 2e 40 00 00 00 00 00 ec 43 45 41 42 39 55 51 30 30 00 00 00 00 00 00 00 00 00 00 00 30 30 30 30 30 30 32 30 32 34 31 32 32 34 02 22 01 00 7a 63 1b
modem 1760931027 - ff ff 09 40 00 00 00 00 00 e9 00 32 f0 21
machine 1760931027 - ff ff 2c 40 00 00 00 00 00 ea 00 30 30 32 31 38 30 30 30 37 38 45 48 44 35 31 30 38 44 55 5a 30 30 30 30 30 30 32 30 32 34 31 32 32 34 01 94 88 58
modem 1760931028 - ff ff 22 40 00 00 00 00 00 f7 01 03 01 08 00 01 00 00 00 00 03 00 02 06 01 00 01 00 02 00 03 04 00 02 1c 00 9b 12 e3
machine 1760931028 - ff ff 08 40 00 00 00 00 00 05 4d 61 80
modem 1760931059 - 00
machine 1760931059 - 00
machine 1760931060 - ff ff 12 40 00 00 00 00 00 04 0f 5a 00 00 00 00 00 00 00 00 bf 0a 33
modem 1760931061 - ff ff 0a 00 00 00 00 00 00 61 00 07 72
machine 1760931061 - ff ff 2e 40 00 00 00 00 00 62 45 2b 2b 32 2e 31 37 00 32 30 32 34 31 32 32 34 f1 00 00 30 30 30 30 30 30 30 31 00 55 2d 57 4d 54 00 00 00 00 0c bc 74 91
modem 1760931061 - ff ff 08 40 00 00 00 00 00 70 b8 86 41
machine 1760931061 - ff ff 28 40 00 00 00 00 00 71 20 1c 51 89 0c 31 c3 08 05 03 00 21 80 00 78 45 00 00 00 03 00 00 00 00 00 00 00 00 00 00 00 40 a0 ff 55 87
modem 1760931061 - ff ff 0a 40 00 00 00 00 00 01 4d 01 99 b3 b4
machine 1760931061 - ff ff 43 40 00 00 00 00 00 02 6d 01 01 30 10 03 00 00 00 20 04 03 05 01 00 01 02 30 00 00 00 00 0a 0f 08 14 05 05 06 05 04 1a 04 1a 04 1a 00 00 00 00 00 00 00 00 00 00 00 00 00 00 00 01 00 00 00 00 00 01 00 3d 8d f4
modem 1760931061 - ff ff 08 40 00 00 00 00 00 73 bb 87 01
machine 1760931061 - ff ff 46 40 00 00 00 00 00 06 6d 02 00 00 00 01 00 00 00 00 00 00 00 00 04 01 02 01 00 00 00 00 0a 0f 08 07 05 05 05 00 01 69 00 00 00 24 01 4c 24 02 01 00 00 00 00 00 00 00 00 00 00 00 00 00 00 00 00 00 00 00 00 00 3d 67 40
modem 1760931061 - ff ff 08 40 00 00 00 00 00 05 4d 61 80
machine 1760931061 - ff ff 12 40 00 00 00 00 00 74 0f 5a 00 00 00 00 00 00 00 00 2f cb 99
machine 1760931065 - ff ff 43 40 00 00 00 00 00 06 6d 01 01 30 10 03 00 00 00 20 04 03 05 01 00 01 02 30 00 00 00 00 0a 0f 08 14 05 05 06 05 04 1a 04 1a 04 1a 00 00 00 00 00 00 00 00 00 00 00 00 00 00 00 01 00 00 00 00 00 01 00 41 7d f0
modem 1760931065 - ff ff 08 40 00 00 00 00 00 05 4d 61 80
modem 1760931065 - ff ff 19 40 00 00 00 00 00 11 00 f0 38 36 32 38 31 37 30 36 38 33 36 37 39 34 39 7e cc 81
machine 1760931065 - ff ff 08 40 00 00 00 00 00 05 4d 61 80
modem 1760931069 - ff ff 19 40 00 00 00 00 00 11 00 f0 38 36 32 38 31 37 30 36 38 33 36 37 39 34 39 7e cc 81
machine 1760931069 - ff ff 08 40 00 00 00 00 00 05 4d 61 80
machine 1760931070 - ff ff 25 40 00 00 00 00 00 12 10 02 00 01 ac 25 64 72 a0 d1 e3 a4 01 a4 a7 73 0e 90 f4 80 9b 91 90 93 de b5 43 6b 89 13 a8 89
modem 1760931070 - ff ff 08 40 00 00 00 00 00
modem 1760931070 - 05 4d 61 80
modem 1760931071 - ff ff 0a 40 00 00 00 00 00 f3 00 00 3d d0 e1
modem 1760931072 - ff ff 22 40 00 00 00 00 00 f7 01 03 01 08 00 01 00 00 00 00 03 00 02 06 01 00 01 00 02 00 03 04 00 01 1b 00 99 22 11
machine 1760931072 - ff ff 08 40 00 00 00 00 00 05 4d 61 80
modem 1760931072 - ff ff 0a 40 00 00 00 00 00 f5 00 00 3f d1 01
modem 1760931072 - ff ff 0a 40 00 00 00 00 00 f5 00 00 3f d1 01
modem 1760931072 - ff ff 0a 40 00 00 00 00 00 f5 00 00 3f d1 01
modem 1760931073 - ff ff 19 40 00 00 00 00 00 11 00 f0 38 36 32 38 31 37 30 36 38 33 36 37 39 34 39 7e cc 81
machine 1760931073 - ff ff 08 40 00 00 00 00 00 05 4d 61 80
modem 1760931073 - ff ff 25 40 00 00 00 00 00 11 10 02 00 01 50 79 52 4b 48 39 56 77 01 08 bf 70 58 49 5f d8 70 6a 7e 8b ad 2f ad 14 60 2d 5a 62
machine 1760931073 - ff ff 08 40 00 00 00 00 00 05 4d 61 80
machine 1760931073 - ff ff 43 40 00 00 00 00 00 06 6d 01 01 30 30 03 00 00 00 20 04 03 05 01 00 01 02 30 00 00 00 00 0a 0f 08 14 05 05 06 05 04 1a 04 1a 04 1a 00 00 00 00 00 00 00 00 00 00 00 00 00 00 00 01 00 00 00 00 00 01 00 61 c8 a5
modem 1760931073 - ff ff 08 40 00 00 00 00 00 05 4d 61 80
modem 1760931077 - ff ff 19 40 00 00 00 00 00 11 00 f0 38 36 32 38 31 37 30 36 38 33 36 37 39 34 39 7e cc 81
machine 1760931077 - ff ff 08 40 00 00 00 00 00 05 4d 61 80
modem 1760931078 - ff ff 08 40 00 00 00 00 00 09 51 64 80
machine 1760931078 - ff ff 08 40 00 00 00 00 00 05 4d 61 80
modem 1760931079 - ff ff 20 40 00 00 00 00 00 11 10 00 68 f5 ad 07 07 e9 0a 14 0b 1f 13 02 00 08 00 00 00 00 00 00 00 00 e7 80 b4
machine 1760931079 - ff ff 08 40 00 00 00 00 00 05 4d 61 80
modem 1760931081 - ff ff 19 40 00 00 00 00 00 11 00 f0 38 36 32 38 31 37 30 36 38 33 36 37 39 34 39 7e cc 81
machine 1760931081 - ff ff 08 40 00 00 00 00 00 05 4d 61 80
modem 1760931090 - ff ff 22 40 00 00 00 00 00 f7 01 03 01 08 00 01 00 00 00 00 03 00 02 06 01 00 01 00 02 00 03 04 00 02 1b 00 9a 22 e1
machine 1760931090 - ff ff 08 40 00 00 00 00 00 05 4d 61 80
modem 1760931090 - ff ff 08 40 00 00 00 00 00 eb 33 2d 00
machine 1760931090 - ff ff 2e 40 00 00 00 00 00 ec 43 45 41 42 39 55 51 30 30 00 00 00 00 00 00 00 00 00 00 00 30 30 30 30 30 30 32 30 32 34 31 32 32 34 02 22 01 00 7a 63 1b
modem 1760931090 - ff ff 09 40 00 00 00 00 00 e9 00 32 f0 21
machine 1760931090 - ff ff 2c 40 00 00 00 00 00 ea 00 30 30 32 31 38 30 30 30 37 38 45 48 44 35 31 30 38 44 55 5a 30 30 30 30 30 30 32 30 32 34 31 32 32 34 01 94 88 58
modem 1760931091 - ff ff 22 40 00 00 00 00 00 f7 01 03 01 08 00 01 00 00 00 00 03 00 02 06 01 00 01 00 02 00 03 04 00 02 1b 00 9a 22 e1
machine 1760931091 - ff ff 08 40 00 00 00 00 00 05 4d 61 80
modem 1760931104 - 00
machine 1760931104 - 00
machine 1760931104 - ff ff 12 40 00 00 00 00 00 04 0f 5a 00 00 00 00 00 00 00 00 bf 0a 33
modem 1760931105 - ff ff 0a 00 00 00 00 00 00 61 00 07 72
machine 1760931105 - ff ff 2e 40 00 00 00 00 00 62 45 2b 2b 32 2e 31 37 00 32 30 32 34 31 32 32 34 f1 00 00 30 30 30 30 30 30 30 31 00 55 2d 57 4d 54 00 00 00 00 0c bc 74 91
modem 1760931105 - ff ff 08 40 00 00 00 00 00 70 b8 86 41
machine 1760931105 - ff ff 28 40 00 00 00 00 00 71 20 1c 51 89 0c 31 c3 08 05 03 00 21 80 00 78 45 00 00 00 03 00 00 00 00 00 00 00 00 00 00 00 40 a0 ff 55 87
modem 1760931105 - ff ff 0a 40 00 00 00 00 00 01 4d 01 99 b3 b4
machine 1760931105 - ff ff 43 40 00 00 00 00 00 02 6d 01 01 30 10 03 00 00 00 20 04 03 05 01 00 01 02 30 00 00 00 00 0a 0f 08 14 05 05 06 05 04 1a 04 1a 04 1a 00 00 00 00 00 00 00 00 00 00 00 00 00 00 00 01 00 00 00 00 00 01 00 3d 8d f4
modem 1760931105 - ff ff 08 40 00 00 00 00 00 73 bb 87 01
machine 1760931105 - ff ff 46 40 00 00 00 00 00 06 6d 02 00 00 00 01 00 00 00 00 00 00 00 00 04 01 02 01 00 00 00 00 0a 0f 08 07 05 05 05 00 01 69 00 00 00 24 01 4c 24 02 01 00 00 00 00 00 00 00 00 00 00 00 00 00 00 00 00 00 00 00 00 00 3d 67 40
modem 1760931105 - ff ff 08 40 00 00 00 00 00 05 4d 61 80
machine 1760931105 - ff ff 12 40 00 00 00 00 00 74 0f 5a 00 00 00 00 00 00 00 00 2f cb 99
modem 1760931109 - ff ff 19 40 00 00 00 00 00 11 00 f0 38 36 32 38 31 37 30 36 38 33 36 37 39 34 39 7e cc 81
machine 1760931109 - ff ff 08 40 00 00 00 00 00 05 4d 61 80
machine 1760931109 - ff ff 43 40 00 00 00 00 00 06 6d 01 01 30 10 03 00 00 00 20 04 03 05 01 00 01 02 30 00 00 00 00 0a 0f 08 14 05 05 06 05 04 1a 04 1a 04 1a 00 00 00 00 00 00 00 00 00 00 00 00 00 00 00 01 00 00 00 00 00 01 00 41 7d f0
modem 1760931109 - ff ff 08 40 00 00 00 00 00 05 4d 61 80
modem 1760931113 - ff ff 19 40 00 00 00 00 00 11 00 f0 38 36 32 38 31 37 30 36 38 33 36 37 39 34 39 7e cc 81
machine 1760931113 - ff ff 08 40 00 00 00 00 00 05 4d 61 80
machine 1760931115 - ff ff 25 40 00 00 00 00 00 12 10 02 00 01 3f 80 79 b3 e1 03 9f 36 01 d3 b4 eb 34 13 8a 79 3a 99 e8 bf 9a e3 94 1f 4e e3 07 a1
modem 1760931115 - ff ff 08 40 00 00 00 00 00 05 4d 61 80
modem 1760931115 - ff ff 0a 40 00 00 00 00 00 f3 00 00 3d d0 e1
modem 1760931115 - ff ff 22 40 00 00 00 00 00 f7 01 03 01 08 00 01 00 00 00 00 03 00 02 06 01 00 01 00 02 00 03 04 00 01 16 00 94 b2 15
machine 1760931115 - ff ff 08 40 00 00 00 00 00 05 4d 61 80
modem 1760931115 - ff ff 0a 40 00 00 00 00 00 f5 00 00 3f d1 01
modem 1760931116 - ff ff 0a 40 00 00 00 00 00 f5 00 00 3f d1 01
modem 1760931116 - ff ff 0a 40 00 00 00 00 00 f5 00 00 3f d1 01
modem 1760931117 - ff ff 19 40 00 00 00 00 00 11 00 f0 38 36 32 38 31 37 30 36 38 33 36 37 39 34 39 7e cc 81
machine 1760931117 - ff ff 08 40 00 00 00 00 00 05 4d 61 80
modem 1760931121 - ff ff 19 40 00 00 00 00 00 11 00 f0 38 36 32 38 31 37 30 36 38 33 36 37 39 34 39 7e cc 81
machine 1760931121 - ff ff 08 40 00 00 00 00 00 05 4d 61 80
machine 1760931121 - ff ff 25 40 00 00 00 00 00 12 10 02 00 01 3f 80 79 b3 e1 03 9f 36 01 d3 b4 eb 34 13 8a 79 3a 99 e8 bf 9a e3 94 1f 4e e3 07 a1
modem 1760931121 - ff ff 08 40 00 00 00 00 00 05 4d 61 80
modem 1760931121 - ff ff 25 40 00 00 00 00 00 11 10 02 00 01 39 50 4b 68 78 51 77 56 01 77 86 4b 9d e4 18 d1 3a 15 b7 2f 8f 7a 00 e0 a0 cc 84 ec
machine 1760931121 - ff ff 08 40 00 00 00 00 00 05 4d 61 80
machine 1760931122 - ff ff 43 40 00 00 00 00 00 06 6d 01 01 30 30 03 00 00 00 20 04 03 05 01 00 01 02 30 00 00 00 00 0a 0f 08 14 05 05 06 05 04 1a 04 1a 04 1a 00 00 00 00 00 00 00 00 00 00 00 00 00 00 00 01 00 00 00 00 00 01 00 61 c8 a5
modem 1760931122 - ff ff 08 40 00 00 00 00 00 05 4d 61 80
modem 1760931123 - ff ff 20 40 00 00 00 00 00 11 10 00 68 f5 ad 33 07 e9 0a 14 0b 20 03 02 00 08 00 00 00 00 00 00 00 00 04 b4 9e
machine 1760931123 - ff ff 08 40 00 00 00 00 00 05 4d 61 80
modem 1760931125 - ff ff 19 40 00 00 00 00 00 11 00 f0 38 36 32 38 31 37 30 36 38 33 36 37 39 34 39 7e cc 81
machine 1760931125 - ff ff 08 40 00 00 00 00 00 05 4d 61 80
modem 1760931125 - ff ff 25 40 00 00 00 00 00 11 10 02 00 01 63 66 75 46 36 57 6b 75 01 62 f1 e3 a6 1c 99 e3 95 25 62 63 f1 46 9a 33 94 06 8d 6e
machine 1760931125 - ff ff 08 40 00 00 00 00 00 05 4d 61 80
modem 1760931130 - ff ff 08 40 00 00 00 00 00 09 51 64 80
machine 1760931130 - ff ff 08 40 00 00 00 00 00 05 4d 61 80
modem 1760931134 - ff ff 22 40 00 00 00 00 00 f7 01 03 01 08 00 01 00 00 00 00 03 00 02 06 01 00 01 00 02 00 03 04 00 02 16 00 95 b2 e5
machine 1760931134 - ff ff 08 40 00 00 00 00 00 05 4d 61 80
modem 1760931134 - ff ff 08 40 00 00 00 00 00 eb 33 2d 00
machine 1760931134 - ff ff 2e 40 00 00 00 00 00 ec 43 45 41 42 39 55 51 30 30 00 00 00 00 00 00 00 00 00 00 00 30 30 30 30 30 30 32 30 32 34 31 32 32 34 02 22 01 00 7a 63 1b
modem 1760931134 - ff ff 09 40 00 00 00 00 00 e9 00 32 f0 21
machine 1760931134 - ff ff 2c 40 00 00 00 00 00 ea 00 30 30 32 31 38 30 30 30 37 38 45 48 44 35 31 30 38 44 55 5a 30 30 30 30 30 30 32 30 32 34 31 32 32 34 01 94 88 58
modem 1760931135 - ff ff 22 40 00 00 00 00 00 f7 01 03 01 08 00 01 00 00 00 00 03 00 02 06 01 00 01 00 02 00 03 04 00 02 16 00 95 b2 e5
machine 1760931135 - ff ff 08 40 00 00 00 00 00 05 4d 61 80
modem 1760931151 - 00
machine 1760931151 - 00
machine 1760931151 - ff ff 12 40 00 00 00 00 00 04 0f 5a 00 00 00 00 00 00 00 00 bf 0a 33
modem 1760931153 - ff ff 0a 00 00 00 00 00 00 61 00 07 72
machine 1760931153 - ff ff 2e 40 00 00 00 00 00 62 45 2b 2b 32 2e 31 37 00 32 30 32 34 31 32 32 34 f1 00 00 30 30 30 30 30 30 30 31 00 55 2d 57 4d 54 00 00 00 00 0c bc 74 91
modem 1760931153 - ff ff 08 40 00 00 00 00 00 70 b8 86 41
machine 1760931153 - ff ff 28 40 00 00 00 00 00 71 20 1c 51 89 0c 31 c3 08 05 03 00 21 80 00 78 45 00 00 00 03 00 00 00 00 00 00 00 00 00 00 00 40 a0 ff 55 87
modem 1760931153 - ff ff 0a 40 00 00 00 00 00 01 4d 01 99 b3 b4
machine 1760931153 - ff ff 43 40 00 00 00 00 00 02 6d 01 01 30 10 03 00 00 00 20 04 03 05 01 00 01 02 30 00 00 00 00 0a 0f 08 14 05 05 06 05 04 1a 04 1a 04 1a 00 00 00 00 00 00 00 00 00 00 00 00 00 00 00 01 00 00 00 00 00 01 00 3d 8d f4
modem 1760931153 - ff ff 08 40 00 00 00 00 00 73 bb 87 01
machine 1760931153 - ff ff 46 40 00 00 00 00 00 06 6d 02 00 00 00 01 00 00 00 00 00 00 00 00 04 01 02 01 00 00 00 00 0a 0f 08 07 05 05 05 00 01 69 00 00 00 24 01 4c 24 02 01 00 00 00 00 00 00 00 00 00 00 00 00 00 00 00 00 00 00 00 00 00 3d 67 40
modem 1760931153 - ff ff 08 40 00 00 00 00 00 05 4d 61 80
machine 1760931153 - ff ff 12 40 00 00 00 00 00 74 0f 5a 00 00 00 00 00 00 00 00 2f cb 99
machine 1760931156 - ff ff 43 40 00 00 00 00 00 06 6d 01 01 30 10 03 00 00 00 20 04 03 05 01 00 01 02 30 00 00 00 00 0a 0f 08 14 05 05 06 05 04 1a 04 1a 04 1a 00 00 00 00 00 00 00 00 00 00 00 00 00 00 00 01 00 00 00 00 00 01 00 41 7d f0
modem 1760931157 - ff ff 08 40 00 00 00 00 00 05 4d 61 80
modem 1760931157 - ff ff 19 40 00 00 00 00 00 11 00 f0 38 36 32 38 31 37 30 36 38 33 36 37 39 34 39 7e cc 81
machine 1760931157 - ff ff 08 40 00 00 00 00 00 05 4d 61 80
modem 1760931161 - ff ff 19 40 00 00 00 00 00 11 00 f0 38 36 32 38 31 37 30 36 38 33 36 37 39 34 39 7e cc 81
machine 1760931161 - ff ff 08 40 00 00 00 00 00 05 4d 61 80
machine 1760931162 - ff ff 25 40 00 00 00 00 00 12 10 02 00 01 fb de 54 18 c8 f6 67 84 01 67 2e c6 5c ff 55 a6 e0 28 ae a0 de ee 7d ce 5e 4b 40 0a ab
modem 1760931162 - ff ff 08 40 00 00 00 00 00 05 4d 61 80
modem 1760931163 - ff ff 0a 40 00 00 00 00 00 f3 00 00 3d d0 e1
modem 1760931163 - ff ff 22 40 00 00 00 00 00 f7 01 03 01 08 00 01 00 00 00 00 03 00 02 06 01 00 01 00 02 00 03 04 00 02 1b 00 9a 22 e1
machine 1760931163 - ff ff 08 40 00 00 00 00 00 05 4d 61 80
modem 1760931163 - ff ff 0a 40 00 00 00 00 00 f5 00 00 3f d1 01
modem 1760931164 - ff ff 0a 40 00 00 00 00 00 f5 00 00 3f d1 01
modem 1760931164 - ff ff 0a 40 00 00 00 00 00 f5 00 00 3f d1 01
modem 1760931165 - ff ff 19 40 00 00 00 00 00 11 00 f0 38 36 32 38 31 37 30 36 38 33 36 37 39 34 39 7e cc 81
machine 1760931165 - ff ff 08 40 00 00 00 00 00 05 4d 61 80
modem 1760931165 - ff ff 25 40 00 00 00 00 00 11 10 02 00 01 44 34 6b 6c 49 76 5a 66 01 65 2c f4 1c 63 1e 9d 70 17 4a 84 f1 95 7b b2 bd dc 17 f1
machine 1760931165 - ff ff 08 40 00 00 00 00 00 05 4d 61 80
machine 1760931165 - ff ff 43 40 00 00 00 00 00 06 6d 01 01 30 30 03 00 00 00 20 04 03 05 01 00 01 02 30 00 00 00 00 0a 0f 08 14 05 05 06 05 04 1a 04 1a 04 1a 00 00 00 00 00 00 00 00 00 00 00 00 00 00 00 01 00 00 00 00 00 01 00 61 c8 a5
modem 1760931165 - ff ff 08 40 00 00 00 00 00 05 4d 61 80
modem 1760931169 - ff ff 19 40 00 00 00 00 00 11 00 f0 38 36 32 38 31 37 30 36 38 33 36 37 39 34 39 7e cc 81
machine 1760931169 - ff ff 08 40 00 00 00 00 00 05 4d 61 80
modem 1760931170 - ff ff 08 40 00 00 00 00 00 09 51 64 80
machine 1760931170 - ff ff 08 40 00 00 00 00 00 05 4d 61 80
modem 1760931171 - ff ff 20 40 00 00 00 00 00 11 10 00 68 f5 ad 63 07 e9 0a 14 0b 20 33 02 00 08 00 00 00 00 00 00 00 00 64 f8 0f
machine 1760931171 - ff ff 08 40 00 00 00 00 00 05 4d 61 80
modem 1760931173 - ff ff 19 40 00 00 00 00 00 11 00 f0 38 36 32 38 31 37 30 36 38 33 36 37 39 34 39 7e cc 81
machine 1760931173 - ff ff 08 40 00 00 00 00 00 05 4d 61 80
modem 1760931182 - ff ff 08 40 00 00 00 00 00 eb 33 2d 00
machine 1760931182 - ff ff 2e 40 00 00 00 00 00 ec 43 45 41 42 39 55 51 30 30 00 00 00 00 00 00 00 00 00 00 00 30 30 30 30 30 30 32 30 32 34 31 32 32 34 02 22 01 00 7a 63 1b
modem 1760931182 - ff ff 09 40 00 00 00 00 00 e9 00 32 f0 21
machine 1760931182 - ff ff 2c 40 00 00 00 00 00 ea 00 30 30 32 31 38 30 30 30 37 38 45 48 44 35 31 30 38 44 55 5a 30 30 30 30 30 30 32 30 32 34 31 32 32 34 01 94 88 58
modem 1760931183 - ff ff 22 40 00 00 00 00 00 f7 01 03 01 08 00 01 00 00 00 00 03 00 02 06 01 00 01 00 02 00 03 04 00 02 1b 00 9a 22 e1
machine 1760931183 - ff ff 08 40 00 00 00 00 00 05 4d 61 80
modem 1760931198 - 00
machine 1760931198 - 00
machine 1760931198 - ff ff 12 40 00 00 00 00 00 04 0f 5a 00 00 00 00 00 00 00 00 bf 0a 33
modem 1760931200 - ff ff 0a 00 00 00 00 00 00 61 00 07 72
machine 1760931200 - ff ff 2e 40 00 00 00 00 00 62 45 2b 2b 32 2e 31 37 00 32 30 32 34 31 32 32 34 f1 00 00 30 30 30 30 30 30 30 31 00 55 2d 57 4d 54 00 00 00 00 0c bc 74 91
modem 1760931200 - ff ff 08 40 00 00 00 00 00 70 b8 86 41
machine 1760931200 - ff ff 28 40 00 00 00 00 00 71 20 1c 51 89 0c 31 c3 08 05 03 00 21 80 00 78 45 00 00 00 03 00 00 00 00 00 00 00 00 00 00 00 40 a0 ff 55 87
modem 1760931200 - ff ff 0a 40 00 00 00 00 00 01 4d 01 99 b3 b4
machine 1760931200 - ff ff 43 40 00 00 00 00 00 02 6d 01 01 30 10 03 00 00 00 20 04 03 05 01 00 01 02 30 00 00 00 00 0a 0f 08 14 05 05 06 05 04 1a 04 1a 04 1a 00 00 00 00 00 00 00 00 00 00 00 00 00 00 00 01 00 00 00 00 00 01 00 3d 8d f4
modem 1760931200 - ff ff 08 40 00 00 00 00 00 73 bb 87 01
machine 1760931200 - ff ff 46 40 00 00 00 00 00 06 6d 02 00 00 00 01 00 00 00 00 00 00 00 00 04 01 02 01 00 00 00 00 0a 0f 08 07 05 05 05 00 01 69 00 00 00 24 01 4c 24 02 01 00 00 00 00 00 00 00 00 00 00 00 00 00 00 00 00 00 00 00 00 00 3d 67 40
modem 1760931200 - ff ff 08 40 00 00 00 00 00 05 4d 61 80
machine 1760931200 - ff ff 12 40 00 00 00 00 00 74 0f 5a 00 00 00 00 00 00 00 00 2f cb 99
machine 1760931203 - ff ff 43 40 00 00 00 00 00 06 6d 01 01 30 10 03 00 00 00 20 04 03 05 01 00 01 02 30 00 00 00 00 0a 0f 08 14 05 05 06 05 04 1a 04 1a 04 1a 00 00 00 00 00 00 00 00 00 00 00 00 00 00 00 01 00 00 00 00 00 01 00 41 7d f0
modem 1760931203 - ff ff 08 40 00 00 00 00 00 05 4d 61 80
modem 1760931203 - ff ff 19 40 00 00 00 00 00 11 00 f0 38 36 32 38 31 37 30 36 38 33 36 37 39 34 39 7e cc 81
machine 1760931203 - ff ff 08 40 00 00 00 00 00 05 4d 61 80
modem 1760931207 - ff ff 19 40 00 00 00 00 00 11 00 f0 38 36 32 38 31 37 30 36 38 33 36 37 39 34 39 7e cc 81
machine 1760931207 - ff ff 08 40 00 00 00 00 00 05 4d 61 80
machine 1760931209 - ff ff 25 40 00 00 00 00 00 12 10 02 00 01 de 17 03 1d 63 90 e0 0b 01 eb d5 df f1 ab 01 87 6c 0c 10 f1 23 91 05 7c 83 72 16 e1
modem 1760931209 - ff ff 08 40 00 00 00 00 00 05 4d 61 80
modem 1760931210 - ff ff 0a 40 00 00 00 00 00 f3 00 00 3d d0 e1
modem 1760931210 - ff ff 22 40 00 00 00 00 00 f7 01 03 01 08 00 01 00 00 00 00 03 00 02 06 01 00 01 00 02 00 03 04 00 01 1b 00 99 22 11
machine 1760931210 - ff ff 08 40 00 00 00 00 00 05 4d 61 80
modem 1760931210 - ff ff 0a 40 00 00 00 00 00 f5 00 00 3f d1 01
modem 1760931210 - ff ff 0a 40 00 00 00 00 00 f5 00 00 3f d1 01
modem 1760931211 - ff ff 0a 40 00 00 00 00 00 f5 00 00 3f d1 01
modem 1760931211 - ff ff 19 40 00 00 00 00 00 11 00 f0 38 36 32 38 31 37 30 36 38 33 36 37 39 34 39 7e cc 81
machine 1760931211 - ff ff 08 40 00 00 00 00 00 05 4d 61 80
modem 1760931212 - ff ff 25 40 00 00 00 00 00 11 10 02 00 01 35 53 53 67 7a 58 57 50 01 7e ef ae 45 bd eb 3e 2f 57 e2 a2 6e b3 1a cf 92 31 ba 6a
machine 1760931212 - ff ff 08 40 00 00 00 00 00 05 4d 61 80
machine 1760931213 - ff ff 43 40 00 00 00 00 00 06 6d 01 01 30 30 03 00 00 00 20 04 03 05 01 00 01 02 30 00 00 00 00 0a 0f 08 14 05 05 06 05 04 1a 04 1a 04 1a 00 00 00 00 00 00 00 00 00 00 00 00 00 00 00 01 00 00 00 00 00 01 00 61 c8 a5
machine 1760931213 - ff ff 43 40 00 00 00 00 00 06 6d 01 01 30 30 03 00 00 00 20 04 03 05 01 00 01 02 30 00 00 00 00 0a 0f 08 14 05 05 06 05 04 1a 04 1a 04 1a 00 00 00 00 00 00 00 00 00 00 00 00 00 00 00 01 00 00 00 00 00 01 00 61 c8 a5
modem 1760931213 - ff ff 08 40 00 00 00 00 00 05 4d 61 80
modem 1760931213 - ff ff 08 40 00 00 00 00 00 05 4d 61 80
modem 1760931215 - ff ff 19 40 00 00 00 00 00 11 00 f0 38 36 32 38 31 37 30 36 38 33 36 37 39 34 39 7e cc 81
machine 1760931215 - ff ff 08 40 00 00 00 00 00 05 4d 61 80
modem 1760931217 - ff ff 08 40 00 00 00 00 00 09 51 64 80
machine 1760931217 - ff ff 08 40 00 00 00 00 00 05 4d 61 80
modem 1760931218 - ff ff 20 40 00 00 00 00 00 11 10 00 68 f5 ad 92 07 e9 0a 14 0b 21 26 02 00 08 00 00 00 00 00 00 00 00 87 63 8e
machine 1760931218 - ff ff 08 40 00 00 00 00 00 05 4d 61 80
modem 1760931219 - ff ff 19 40 00 00 00 00 00 11 00 f0 38 36 32 38 31 37 30 36 38 33 36 37 39 34 39 7e cc 81
machine 1760931219 - ff ff 08 40 00 00 00 00 00 05 4d 61 80
modem 1760931229 - ff ff 22 40 00 00 00 00 00 f7 01 03 01 08 00 01 00 00 00 00 03 00 02 06 01 00 01 00 02 00 03 04 00 02 1b 00 9a 22 e1
machine 1760931229 - ff ff 08 40 00 00 00 00 00 05 4d 61 80
modem 1760931229 - ff ff 08 40 00 00 00 00 00 eb 33 2d 00
machine 1760931229 - ff ff 2e 40 00 00 00 00 00 ec 43 45 41 42 39 55 51 30 30 00 00 00 00 00 00 00 00 00 00 00 30 30 30 30 30 30 32 30 32 34 31 32 32 34 02 22 01 00 7a 63 1b
modem 1760931229 - ff ff 09 40 00 00 00 00 00 e9 00 32 f0 21
machine 1760931229 - ff ff 2c 40 00 00 00 00 00 ea 00 30 30 32 31 38 30 30 30 37 38 45 48 44 35 31 30 38 44 55 5a 30 30 30 30 30 30 32 30 32 34 31 32 32 34 01 94 88 58
modem 1760931230 - ff ff 22 40 00 00 00 00 00 f7 01 03 01 08 00 01 00 00 00 00 03 00 02 06 01 00 01 00 02 00 03 04 00 02 1b 00 9a 22 e1
machine 1760931230 - ff ff 08 40 00 00 00 00 00 05 4d 61 80
modem 1760931244 - 00
machine 1760931244 - 00
machine 1760931245 - ff ff 12 40 00 00 00 00 00 04 0f 5a 00 00 00 00 00 00 00 00 bf 0a 33
modem 1760931246 - ff ff 0a 00 00 00 00 00 00 61 00 07 72
machine 1760931246 - ff ff 2e 40 00 00 00 00 00 62 45 2b 2b 32 2e 31 37 00 32 30 32 34 31 32 32 34 f1 00 00 30 30 30 30 30 30 30 31 00 55 2d 57 4d 54 00 00 00 00 0c bc 74 91
modem 1760931246 - ff ff 08 40 00 00 00 00 00 70 b8 86 41
machine 1760931246 - ff ff 28 40 00 00 00 00 00 71 20 1c 51 89 0c 31 c3 08 05 03 00 21 80 00 78 45 00 00 00 03 00 00 00 00 00 00 00 00 00 00 00 40 a0 ff 55 87
modem 1760931246 - ff ff 0a 40 00 00 00 00 00 01 4d 01 99 b3 b4
machine 1760931246 - ff ff 43 40 00 00 00 00 00 02 6d 01 01 30 10 03 00 00 00 20 04 03 05 01 00 01 02 30 00 00 00 00 0a 0f 08 14 05 05 06 05 04 1a 04 1a 04 1a 00 00 00 00 00 00 00 00 00 00 00 00 00 00 00 01 00 00 00 00 00 01 00 3d 8d f4
modem 1760931246 - ff ff 08 40 00 00 00 00 00 73 bb 87 01
machine 1760931246 - ff ff 46 40 00 00 00 00 00 06 6d 02 00 00 00 01 00 00 00 00 00 00 00 00 04 01 02 01 00 00 00 00 0a 0f 08 07 05 05 05 00 01 69 00 00 00 24 01 4c 24 02 01 00 00 00 00 00 00 00 00 00 00 00 00 00 00 00 00 00 00 00 00 00 3d 67 40
modem 1760931246 - ff ff 08 40 00 00 00 00 00 05 4d 61 80
machine 1760931246 - ff ff 12 40 00 00 00 00 00 74 0f 5a 00 00 00 00 00 00 00 00 2f cb 99
modem 1760931249 - ff ff 19 40 00 00 00 00 00 11 00 f0 38 36 32 38 31 37 30 36 38 33 36 37 39 34 39 7e cc 81
machine 1760931250 - ff ff 08 40 00 00 00 00 00 05 4d 61 80
machine 1760931250 - ff ff 43 40 00 00 00 00 00 06 6d 01 01 30 10 03 00 00 00 20 04 03 05 01 00 01 02 30 00 00 00 00 0a 0f 08 14 05 05 06 05 04 1a 04 1a 04 1a 00 00 00 00 00 00 00 00 00 00 00 00 00 00 00 01 00 00 00 00 00 01 00 41 7d f0
modem 1760931250 - ff ff 08 40 00 00 00 00 00 05 4d 61 80
modem 1760931253 - ff ff 19 40 00 00 00 00 00 11 00 f0 38 36 32 38 31 37 30 36 38 33 36 37 39 34 39 7e cc 81
machine 1760931254 - ff ff 08 40 00 00 00 00 00 05 4d 61 80
machine 1760931256 - ff ff 25 40 00 00 00 00 00 12 10 02 00 01 af a5 75 97 a0 58 27 75 01 60 3f 4a 37 b3 e5 af d7 89 0f 10 da f8 72 71 6a 84 bb af
modem 1760931256 - ff ff 08 40 00 00 00 00 00 05 4d 61 80 ff ff 0a 40 00 00 00 00 00 f3 00 00 3d d0 e1
modem 1760931256 - ff ff 22 40 00 00 00 00 00 f7 01 03 01 08 00 01 00 00 00 00 03 00 02 06 01 00 01 00 02 00 03 04 00 02 1b 00 9a 22 e1
machine 1760931256 - ff ff 08 40 00 00 00 00 00 05 4d 61 80
modem 1760931256 - ff ff 0a 40 00 00 00 00 00 f5 00 00 3f d1 01
modem 1760931256 - ff ff 0a 40 00 00 00 00 00 f5 00 00 3f d1 01
modem 1760931257 - ff ff 0a 40 00 00 00 00 00 f5 00 00 3f d1 01
modem 1760931257 - ff ff 19 40 00 00 00 00 00 11 00 f0 38 36 32 38 31 37 30 36 38 33 36 37 39 34 39 7e cc 81
machine 1760931258 - ff ff 08 40 00 00 00 00 00 05 4d 61 80
modem 1760931259 - ff ff 25 40 00 00 00 00 00 11 10 02 00 01 34 56 48 46 48 36 78 62 01 a9 42 e4 9c 1c 42 e5 fc 46 1b d9 ba 6a 60 a3 34 39 e4 08
machine 1760931259 - ff ff 08 40 00 00 00 00 00 05 4d 61 80
machine 1760931259 - ff ff 43 40 00 00 00 00 00 06 6d 01 01 30 30 03 00 00 00 20 04 03 05 01 00 01 02 30 00 00 00 00 0a 0f 08 14 05 05 06 05 04 1a 04 1a 04 1a 00 00 00 00 00 00 00 00 00 00 00 00 00 00 00 01 00 00 00 00 00 01 00 61 c8 a5
modem 1760931259 - ff ff 08 40 00 00 00 00 00 05 4d 61 80
modem 1760931261 - ff ff 19 40 00 00 00 00 00 11 00 f0 38 36 32 38 31 37 30 36 38 33 36 37 39 34 39 7e cc 81
machine 1760931262 - ff ff 08 40 00 00 00 00 00 05 4d 61 80
modem 1760931263 - ff ff 08 40 00 00 00 00 00 09 51 64 80
machine 1760931263 - ff ff 08 40 00 00 00 00 00 05 4d 61 80
modem 1760931264 - ff ff 20 40 00 00 00 00 00 11 10 00 68 f5 ad c0 07 e9 0a 14 0b 22 18 02 00 08 00 00 00 00 00 00 00 00 a8 83 8a
machine 1760931264 - ff ff 08 40 00 00 00 00 00 05 4d 61 80
modem 1760931265 - ff ff 19 40 00 00 00 00 00 11 00 f0 38 36 32 38 31 37 30 36 38 33 36 37 39 34 39 7e cc 81
machine 1760931266 - ff ff 08 40 00 00 00 00 00 05 4d 61 80
modem 1760931275 - ff ff 22 40 00 00 00 00 00 f7 01 03 01 08 00 01 00 00 00 00 03 00 02 06 01 00 01 00 02 00 03 04 00 02 1b 00 9a 22 e1
machine 1760931275 - ff ff 08 40 00 00 00 00 00 05 4d 61 80
modem 1760931275 - ff ff 08 40 00 00 00 00 00 eb 33 2d 00
machine 1760931275 - ff ff 2e 40 00 00 00 00 00 ec 43 45 41 42 39 55 51 30 30 00 00 00 00 00 00 00 00 00 00 00 30 30 30 30 30 30 32 30 32 34 31 32 32 34 02 22 01 00 7a 63 1b
modem 1760931275 - ff ff 09 40 00 00 00 00 00 e9 00 32 f0 21
machine 1760931275 - ff ff 2c 40 00 00 00 00 00 ea 00 30 30 32 31 38 30 30 30 37 38 45 48 44 35 31 30 38 44 55 5a 30 30 30 30 30 30 32 30 32 34 31 32 32 34 01 94 88 58
modem 1760931276 - ff ff 22 40 00 00 00 00 00 f7 01 03 01 08 00 01 00 00 00 00 03 00 02 06 01 00 01 00 02 00 03 04 00 02 1b 00 9a 22 e1
machine 1760931276 - ff ff 08 40 00 00 00 00 00 05 4d 61 80
modem 1760931285 - 00
machine 1760931285 - 00
machine 1760931286 - ff ff 12 40 00 00 00 00 00 04 0f 5a 00 00 00 00 00 00 00 00 bf 0a 33
modem 1760931287 - ff ff 0a 00 00 00 00 00 00 61 00 07 72
machine 1760931287 - ff ff 2e 40 00 00 00 00 00 62 45 2b 2b 32 2e 31 37 00 32 30 32 34 31 32 32 34 f1 00 00 30 30 30 30 30 30 30 31 00 55 2d 57 4d 54 00 00 00 00 0c bc 74 91
modem 1760931287 - ff ff 08 40 00 00 00 00 00 70 b8 86 41
machine 1760931287 - ff ff 28 40 00 00 00 00 00 71 20 1c 51 89 0c 31 c3 08 05 03 00 21 80 00 78 45 00 00 00 03 00 00 00 00 00 00 00 00 00 00 00 40 a0 ff 55 87
modem 1760931287 - ff ff 0a 40 00 00 00 00 00 01 4d 01 99 b3 b4
machine 1760931287 - ff ff 43 40 00 00 00 00 00 02 6d 01 01 30 10 03 00 00 00 20 04 03 05 01 00 01 02 30 00 00 00 00 0a 0f 08 14 05 05 06 05 04 1a 04 1a 04 1a 00 00 00 00 00 00 00 00 00 00 00 00 00 00 00 01 00 00 00 00 00 01 00 3d 8d f4
modem 1760931287 - ff ff 08 40 00 00 00 00 00 73 bb 87 01
machine 1760931288 - ff ff 46 40 00 00 00 00 00 06 6d 02 00 00 00 01 00 00 00 00 00 00 00 00 04 01 02 01 00 00 00 00 0a 0f 08 07 05 05 05 00 01 69 00 00 00 24 01 4c 24 02 01 00 00 00 00 00 00 00 00 00 00 00 00 00 00 00 00 00 00 00 00 00 3d 67 40
modem 1760931288 - ff ff 08 40 00 00 00 00 00 05 4d 61 80
machine 1760931288 - ff ff 12 40 00 00 00 00 00 74 0f 5a 00 00 00 00 00 00 00 00 2f cb 99
machine 1760931291 - ff ff 43 40 00 00 00 00 00 06 6d 01 01 30 10 03 00 00 00 20 04 03 05 01 00 01 02 30 00 00 00 00 0a 0f 08 14 05 05 06 05 04 1a 04 1a 04 1a 00 00 00 00 00 00 00 00 00 00 00 00 00 00 00 01 00 00 00 00 00 01 00 41 7d f0
modem 1760931291 - ff ff 08 40 00 00 00 00 00 05 4d 61 80
modem 1760931291 - ff ff 19 40 00 00 00 00 00 11 00 f0 38 36 32 38 31 37 30 36 38 33 36 37 39 34 39 7e cc 81
machine 1760931291 - ff ff 08 40 00 00 00 00 00 05 4d 61 80
modem 1760931295 - ff ff 19 40 00 00 00 00 00 11 00 f0 38 36 32 38 31 37 30 36 38 33 36 37 39 34 39 7e cc 81
machine 1760931295 - ff ff 08 40 00 00 00 00 00 05 4d 61 80
machine 1760931297 - ff ff 25 40 00 00 00 00 00 12 10 02 00 01 18 b2 f3 da 74 07 3d 9d 01 a6 fe 6c 2f 1f 49 96 e5 67 12 7f 7f 2e 94 84 97 ed 48 de
modem 1760931297 - ff ff 08 40 00 00 00 00 00 05 4d 61 80
modem 1760931297 - ff ff 0a 40 00 00 00 00 00 f3 00 00 3d d0 e1
modem 1760931298 - ff ff 22 40 00 00 00 00 00 f7 01 03 01 08 00 01 00 00 00 00 03 00 02 06 01 00 01 00 02 00 03 04 00 01 1b 00 99 22 11
machine 1760931298 - ff ff 08 40 00 00 00 00 00 05 4d 61 80
modem 1760931298 - ff ff 0a 40 00 00 00 00 00 f5 00 00 3f d1 01
modem 1760931298 - ff ff 0a 40 00 00 00 00 00 f5 00 00 3f d1 01
modem 1760931298 - ff ff 0a 40 00 00 00 00 00 f5 00 00 3f d1 01
modem 1760931299 - ff ff 19 40 00 00 00 00 00 11 00 f0 38 36 32 38 31 37 30 36 38 33 36 37 39 34 39 7e cc 81
machine 1760931299 - ff ff 08 40 00 00 00 00 00 05 4d 61 80
modem 1760931300 - ff ff 25 40 00 00 00 00 00 11 10 02 00 01 44 6f 6f 42 53 6a 76 55 01 9e 44 3d 46 4b 6c 87 06 af 42 d4 28 af 5e f6 fb 0a ed 96
machine 1760931300 - ff ff 08 40 00 00 00 00 00 05 4d 61 80
machine 1760931300 - ff ff 43 40 00 00 00 00 00 06 6d 01 01 30 30 03 00 00 00 20 04 03 05 01 00 01 02 30 00 00 00 00 0a 0f 08 14 05 05 06 05 04 1a 04 1a 04 1a 00 00 00 00 00 00 00 00 00 00 00 00 00 00 00 01 00 00 00 00 00 01 00 61 c8 a5
machine 1760931301 - ff ff 43 40 00 00 00 00 00 06 6d 01 01 30 30 03 00 00 00 20 04 03 05 01 00 01 02 30 00 00 00 00 0a 0f 08 14 05 05 06 05 04 1a 04 1a 04 1a 00 00 00 00 00 00 00 00 00 00 00 00 00 00 00 01 00 00 00 00 00 01 00 61 c8 a5
modem 1760931301 - ff ff 08 40 00 00 00 00 00 05 4d 61 80
modem 1760931303 - ff ff 19 40 00 00 00 00 00 11 00 f0 38 36 32 38 31 37 30 36 38 33 36 37 39 34 39 7e cc 81
machine 1760931303 - ff ff 08 40 00 00 00 00 00 05 4d 61 80
modem 1760931305 - ff ff 08 40 00 00 00 00 00 09 51 64 80
machine 1760931305 - ff ff 08 40 00 00 00 00 00 05 4d 61 80
modem 1760931305 - ff ff 20 40 00 00 00 00 00 11 10 00 68 f5 ad e9 07 e9 0a 14 0b 23 05 02 00 08 00 00 00 00 00 00 00 00 bf 74 f0
machine 1760931305 - ff ff 08 40 00 00 00 00 00 05 4d 61 80
modem 1760931307 - ff ff 19 40 00 00 00 00 00 11 00 f0 38 36 32 38 31 37 30 36 38 33 36 37 39 34 39 7e cc 81
machine 1760931307 - ff ff 08 40 00 00 00 00 00 05 4d 61 80
modem 1760931316 - ff ff 22 40 00 00 00 00 00 f7 01 03 01 08 00 01 00 00 00 00 03 00 02 06 01 00 01 00 02 00 03 04 00 02 1b 00 9a 22 e1
machine 1760931316 - ff ff 08 40 00 00 00 00 00 05 4d 61 80
modem 1760931316 - ff ff 08 40 00 00 00 00 00 eb 33 2d 00
machine 1760931316 - ff ff 2e 40 00 00 00 00 00 ec 43 45 41 42 39 55 51 30 30 00 00 00 00 00 00 00 00 00 00 00 30 30 30 30 30 30 32 30 32 34 31 32 32 34 02 22 01 00 7a 63 1b
modem 1760931316 - ff ff 09 40 00 00 00 00 00 e9 00 32 f0 21
machine 1760931316 - ff ff 2c 40 00 00 00 00 00 ea 00 30 30 32 31 38 30 30 30 37 38 45 48 44 35 31 30 38 44 55 5a 30 30 30 30 30 30 32 30 32 34 31 32 32 34 01 94 88 58
modem 1760931318 - ff ff 22 40 00 00 00 00 00 f7 01 03 01 08 00 01 00 00 00 00 03 00 02 06 01 00 01 00 02 00 03 04 00 02 1b 00 9a 22 e1
machine 1760931318 - ff ff 08 40 00 00 00 00 00 05 4d 61 80
