machine 1760894571 - ff ff 12 40 00 00 00 00 00 04 0f 5a 00 00 00 00 00 00 00 00 bf 0a 33
modem 1760894573 - ff ff 0a 00 00 00 00 00 00 61 00 07 72
machine 1760894573 - ff ff 2e 40 00 00 00 00 00 62 45 2b 2b 32 2e 31 37 00 32 30 32 34 31 32 32 34 f1 00 00 30 30 30 30 30 30 30 31 00 55 2d 57 4d 54 00 00 00 00 0c bc 74 91
modem 1760894573 - ff ff 08 40 00 00 00 00 00 70 b8 86 41
machine 1760894573 - ff ff 28 40 00 00 00 00 00 71 20 1c 51 89 0c 31 c3 08 05 03 00 21 80 00 78 45 00 00 00 03 00 00 00 00 00 00 00 00 00 00 00 40 a0 ff 55 87
modem 1760894573 - ff ff 0a 40 00 00 00 00 00 01 4d 01 99 b3 b4
machine 1760894573 - ff ff 43 40 00 00 00 00 00 02 6d 01 01 30 10 03 00 00 00 20 04 03 05 01 00 01 02 30 00 00 00 00 0a 0f 08 14 05 05 06 05 04 1a 04 1a 04 1a 00 00 00 00 00 00 00 00 00 00 00 00 00 00 00 01 00 00 00 00 00 01 00 3d 8d f4
modem 1760894573 - ff ff 08 40 00 00 00 00
modem 1760894573 - 00 73 bb 87 01
machine 1760894573 - ff ff 46 40 00 00 00 00 00 06 6d 02 00 00 00 01 00 00 00 00 00 00 00 00 04 01 02 01 00 00 00 00 0a 0f 08 07 05 05 05 00 01 69 00 00 00 24 01 4c 24 02 01 00 00 00 00 00 00 00 00 00 00 00 00 00 00 00 00 00 00 00 00 00 3d 67 40
modem 1760894573 - ff ff 08 40 00 00 00 00 00 05 4d 61 80
machine 1760894573 - ff ff 12 40 00 00 00 00 00 74 0f 5a 00 00 00 00 00 00 00 00 2f cb 99
machine 1760894576 - ff ff 43 40 00 00 00 00 00 06 6d 01 01 30 10 03 00 00 00 20 04 03 05 01 00 01 02 30 00 00 00 00 0a 0f 08 14 05 05 06 05 04 1a 04 1a 04 1a 00 00 00 00 00 00 00 00 00 00 00 00 00 00 00 01 00 00 00 00 00 01 00 41 7d f0
modem 1760894576 - ff ff 08 40 00 00 00 00 00 05 4d 61 80
modem 1760894576 - ff ff 19 40 00 00 00 00 00 11 00 f0 38 36 32 38 31 37 30 36 38 33 36 37 39 34 39 7e cc 81
machine 1760894577 - ff ff 08 40 00 00 00 00 00 05 4d 61 80
modem 1760894580 - ff ff 19 40 00 00 00 00 00 11 00 f0 38 36 32 38 31 37 30 36 38 33 36 37 39 34 39 7e cc 81
machine 1760894581 - ff ff 08 40 00 00 00 00 00 05 4d 61 80
machine 1760894582 - ff ff 25 40 00 00 00 00 00 12 10 02 00 01 64 29 1b 0f 17 76 3c c6 01 60 90 9c fd 8b 87 f0 41 14 7e dc 8b 70 cf cb 8f 2f 1d 88
modem 1760894582 - ff ff 08 40 00 00 00 00 00 05 4d 61 80
modem 1760894583 - ff ff 0a 40 00 00 00 00 00 f3 00 00 3d d0 e1
modem 1760894583 - ff ff 22 40 00 00 00 00 00 f7 01 03 01 08 00 01 00 00 00 00 03 00 02 06 01 00 01 00 02 00 03 04 00 01 16 00 94 b2 15
machine 1760894583 - ff ff 08 40 00 00 00 00 00 05 4d 61 80
modem 1760894583 - ff ff 0a 40 00 00 00 00 00 f5 00 00 3f d1 01
modem 1760894584 - ff ff 0a 40 00 00 00 00 00 f5 00 00 3f d1 01
modem 1760894584 - ff ff 0a 40 00 00 00 00 00 f5 00 00 3f d1 01
modem 1760894584 - ff ff 19 40 00 00 00 00 00 11 00 f0 38 36 32 38 31 37 30 36 38 33 36 37 39 34 39 7e cc 81
machine 1760894585 - ff ff 08 40 00 00 00 00 00 05 4d 61 80
modem 1760894585 - ff ff 25 40 00 00 00 00 00 11 10 02 00 01 49 4c 4c 7a 77 53 6e 6a 01 08 2d 03 b4 eb f6 c5 55 6e f0 ca 18 74 66 db 1d 80 17 c4
machine 1760894585 - ff ff 08 40 00 00 00 00 00 05 4d 61 80
machine 1760894586 - ff ff 43 40 00 00 00 00 00 06 6d 01 01 30 30 03 00 00 00 20 04 03 05 01 00 01 02 30 00 00 00 00 0a 0f 08 14 05 05 06 05 04 1a 04 1a 04 1a 00 00 00 00 00 00 00 00 00 00 00 00 00 00 00 01 00 00 00 00 00 01 00 61 c8 a5
modem 1760894586 - ff ff 08 40 00 00 00 00 00 05 4d 61 80
modem 1760894588 - ff ff 19 40 00 00 00 00 00 11 00 f0 38 36 32 38 31 37 30 36 38 33 36 37 39 34 39 7e cc 81
machine 1760894589 - ff ff 08 40 00 00 00 00 00 05 4d 61 80
modem 1760894591 - ff ff 20 40 00 00 00 00 00 11 10 00 68 f5 1e 7f 07 e9 0a 14 01 17 0b 02 00 08 00 00 00 00 00 00 00 00 b6 51 27
machine 1760894591 - ff ff 08 40 00 00 00 00 00 05 4d 61 80
modem 1760894592 - ff ff 19 40 00 00 00 00 00 11 00 f0 38 36 32 38 31 37 30 36 38 33 36 37 39 34 39 7e cc 81
machine 1760894593 - ff ff 08 40 00 00 00 00 00 05 4d 61 80
modem 1760894595 - ff ff 08 40 00 00 00 00 00 09 51 64 80
machine 1760894595 - ff ff 08 40 00 00 00 00 00 05 4d 61 80
modem 1760894602 - ff ff 22 40 00 00 00 00 00 f7 01 03 01 08 00 01 00 00 00 00 03 00 02 06 01 00 01 00 02 00 03 04 00 02 17 00 96 22 e4
machine 1760894602 - ff ff 08 40 00 00 00 00 00 05 4d 61 80
modem 1760894602 - ff ff 08 40 00 00 00 00 00 eb 33 2d 00
machine 1760894602 - ff ff 2e 40 00 00 00 00 00 ec 43 45 41 42 39 55 51 30 30 00 00 00 00 00 00 00 00 00 00 00 30 30 30 30 30 30 32 30 32 34 31 32 32 34 02 22 01 00 7a 63 1b
modem 1760894602 - ff ff 09 40 00 00 00 00 00 e9 00 32 f0 21
machine 1760894602 - ff ff 2c 40 00 00 00 00 00 ea 00 30 30 32 31 38 30 30 30 37 38 45 48 44 35 31 30 38 44 55 5a 30 30 30 30 30 30 32 30 32 34 31 32 32 34 01 94 88 58
modem 1760894603 - ff ff 22 40 00 00 00 00 00 f7 01 03 01 08 00 01 00 00 00 00 03 00 02 06 01 00 01 00 02 00 03 04 00 02 16 00 95 b2 e5
machine 1760894603 - ff ff 08 40 00 00 00 00 00 05 4d 61 80
modem 1760894633 - ff ff 22 40 00 00 00 00 00 f7 01 03 01 08 00 01 00 00 00 00 03 00 02 06 01 00 01 00 02 00 03 04 00 02 19 00 98 42 e0
machine 1760894633 - ff ff 08 40 00 00 00 00 00 05 4d 61 80
bind
modem 1760894664 - 00
machine 1760894664 - 00
machine 1760894665 - ff ff 12 40 00 00 00 00 00 04 0f 5a 00 00 00 00 00 00 00 00 bf 0a 33
modem 1760894666 - ff ff 0a 00 00 00 00 00 00 61 00 07 72
machine 1760894666 - ff ff 2e 40 00 00 00 00 00 62 45 2b 2b 32 2e 31 37 00 32 30 32 34 31 32 32 34 f1 00 00 30 30 30 30 30 30 30 31 00 55 2d 57 4d 54 00 00 00 00 0c bc 74 91
modem 1760894666 - ff ff 08 40 00 00 00 00 00 70 b8 86 41
machine 1760894666 - ff ff 28 40 00 00 00 00 00 71 20 1c 51 89 0c 31 c3 08 05 03 00 21 80 00 78 45 00 00 00 03 00 00 00 00 00 00 00 00 00 00 00 40 a0 ff 55 87
modem 1760894666 - ff ff 0a 40 00 00 00 00 00 01 4d 01 99 b3 b4
machine 1760894666 - ff ff 43 40 00 00 00 00 00 02 6d 01 01 30 10 03 00 00 00 20 04 03 05 01 00 01 02 30 00 00 00 00 0a 0f 08 14 05 05 06 05 04 1a 04 1a 04 1a 00 00 00 00 00 00 00 00 00 00 00 00 00 00 00 01 00 00 00 00 00 01 00 3d 8d f4
modem 1760894666 - ff ff 08 40 00 00 00 00 00 73 bb 87 01
machine 1760894666 - ff ff 46 40 00 00 00 00 00 06 6d 02 00 00 00 01 00 00 00 00 00 00 00 00 04 01 02 01 00 00 00 00 0a 0f 08 07 05 05 05 00 01 69 00 00 00 24 01 4c 24 02 01 00 00 00 00 00 00 00 00 00 00 00 00 00 00 00 00 00 00 00 00 00 3d 67 40
modem 1760894666 - ff ff 08 40 00 00 00 00 00 05 4d 61 80
machine 1760894666 - ff ff 12 40 00 00 00 00 00 74 0f 5a 00 00 00 00 00 00 00 00 2f cb 99
machine 1760894670 - ff ff 43 40 00 00 00 00 00 06 6d 01 01 30 10 03 00 00 00 20 04 03 05 01 00 01 02 30 00 00 00 00 0a 0f 08 14 05 05 06 05 04 1a 04 1a 04 1a 00 00 00 00 00 00 00 00 00 00 00 00 00 00 00 01 00 00 00 00 00 01 00 41 7d f0
modem 1760894670 - ff ff 08 40 00 00 00 00 00 05 4d 61 80
modem 1760894670 - ff ff 19 40 00 00 00 00 00 11 00 f0 38 36 32 38 31 37 30 36 38 33 36 37 39 34 39 7e cc 81
machine 1760894670 - ff ff 08 40 00 00 00 00 00 05 4d 61 80
modem 1760894674 - ff ff 19 40 00 00 00 00 00 11 00 f0 38 36 32 38 31 37 30 36 38 33 36 37 39 34 39 7e cc 81
machine 1760894674 - ff ff 08 40 00 00 00 00 00 05 4d 61 80
machine 1760894675 - ff ff 25 40 00 00 00 00 00 12 10 02 00 01 a7 b7 50 cd 2d 97 dd fa 01 0d cb 41 e0 d2 ef 96 9a c7 cc 02 aa 47 e3 da 43 11 16 a2
modem 1760894675 - ff ff 08 40 00 00 00 00 00 05 4d 61 80
modem 1760894677 - ff ff 0a 40 00 00 00 00 00 f3 00 00 3d d0 e1
modem 1760894677 - ff ff 22 40 00 00 00 00 00 f7 01 03 01 08 00 01 00 00 00 00 03 00 02 06 01 00 01 00 02 00 03 04 00 00 18 00 95 12 40
machine 1760894677 - ff ff 08 40 00 00 00 00 00 05 4d 61 80
modem 1760894677 - ff ff 0a 40 00 00 00 00 00 f5 00 00 3f d1 01
modem 1760894677 - ff ff 0a 40 00 00 00 00 00 f5 00 00 3f d1 01
modem 1760894678 - ff ff 0a 40 00 00 00 00 00 f5 00 00 3f d1 01
modem 1760894678 - ff ff 19 40 00 00 00 00 00 11 00 f0 38 36 32 38 31 37 30 36 38 33 36 37 39 34 39 7e cc 81
machine 1760894678 - ff ff 08 40 00 00 00 00 00 05 4d 61 80
modem 1760894678 - ff ff 25 40 00 00 00 00 00 11 10 02 00 01 30 4f 6a 38 34 58 53 4b 01 fb a6 62 9b 7b 9f 1b 7e 28 d4 ce c8 13 41 cf 4c 27 7d 5b
machine 1760894678 - ff ff 08 40 00 00 00 00 00 05 4d 61 80
machine 1760894679 - ff ff 43 40 00 00 00 00 00 06 6d 01 01 30 30 03 00 00 00 20 04 03 05 01 00 01 02 30 00 00 00 00 0a 0f 08 14 05 05 06 05 04 1a 04 1a 04 1a 00 00 00 00 00 00 00 00 00 00 00 00 00 00 00 01 00 00 00 00 00 01 00 61 c8 a5
modem 1760894679 - ff ff 08 40 00 00 00 00 00 05 4d 61 80
modem 1760894682 - ff ff 19 40 00 00 00 00 00 11 00 f0 38 36 32 38 31 37 30 36 38 33 36 37 39 34 39 7e cc 81
machine 1760894682 - ff ff 08 40 00 00 00 00 00 05 4d 61 80
modem 1760894685 - ff ff 20 40 00 00 00 00 00 11 10 00 68 f5 1e dc 07 e9 0a 14 01 18 2c 02 00 08 00 00 00 00 00 00 00 00 35 77 a1
machine 1760894685 - ff ff 08 40 00 00 00 00 00 05 4d 61 80
modem 1760894686 - ff ff 19 40 00 00 00 00 00 11 00 f0 38 36 32 38 31 37 30 36 38 33 36 37 39 34 39 7e cc 81
machine 1760894686 - ff ff 08 40 00 00 00 00 00 05 4d 61 80
modem 1760894690 - ff ff 08 40 00 00 00 00 00 09 51 64 80
machine 1760894690 - ff ff 08 40 00 00 00 00 00 05 4d 61 80
modem 1760894695 - ff ff 22 40 00 00 00 00 00 f7 01 03 01 08 00 01 00 00 00 00 03 00 02 06 01 00 01 00 02 00 03 04 00 02 17 00 96 22 e4
machine 1760894695 - ff ff 08 40 00 00 00 00 00 05 4d 61 80
modem 1760894695 - ff ff 08 40 00 00 00 00 00 eb 33 2d 00
machine 1760894695 - ff ff 2e 40 00 00 00 00 00 ec 43 45 41 42 39 55 51 30 30 00 00 00 00 00 00 00 00 00 00 00 30 30 30 30 30 30 32 30 32 34 31 32 32 34 02 22 01 00 7a 63 1b
modem 1760894695 - ff ff 09 40 00 00 00 00 00 e9 00 32 f0 21
machine 1760894695 - ff ff 2c 40 00 00 00 00 00 ea 00 30 30 32 31 38 30 30 30 37 38 45 48 44 35 31 30 38 44 55 5a 30 30 30 30 30 30 32 30 32 34 31 32 32 34 01 94 88 58
modem 1760894697 - ff ff 22 40 00 00 00 00 00 f7 01 03 01 08 00 01 00 00 00 00 03 00 02 06 01 00 01 00 02 00 03 04 00 02 17 00 96 22 e4
machine 1760894697 - ff ff 08 40 00 00 00 00 00 05 4d 61 80
bind
modem 1760894706 - 00
machine 1760894706 - 00
machine 1760894706 - ff ff 12 40 00 00 00 00 00 04 0f 5a 00 00 00 00 00 00 00 00 bf 0a 33
modem 1760894708 - ff ff 0a 00 00 00 00 00 00 61 00 07 72
machine 1760894708 - ff ff 2e 40 00 00 00 00 00 62 45 2b 2b 32 2e 31 37 00 32 30 32 34 31 32 32 34 f1 00 00 30 30 30 30 30 30 30 31 00 55 2d 57 4d 54 00 00 00 00 0c bc 74 91
modem 1760894708 - ff ff 08 40 00 00 00 00 00 70 b8 86 41
machine 1760894708 - ff ff 28 40 00 00 00 00 00 71 20 1c 51 89 0c 31 c3 08 05 03 00 21 80 00 78 45 00 00 00 03 00 00 00 00 00 00 00 00 00 00 00 40 a0 ff 55 87
modem 1760894708 - ff ff 0a 40 00 00 00 00 00 01 4d 01 99 b3 b4
machine 1760894708 - ff ff 43 40 00 00 00 00 00 02 6d 01 01 30 10 03 00 00 00 20 04 03 05 01 00 01 02 30 00 00 00 00 0a 0f 08 14 05 05 06 05 04 1a 04 1a 04 1a 00 00 00 00 00 00 00 00 00 00 00 00 00 00 00 01 00 00 00 00 00 01 00 3d 8d f4
modem 1760894708 - ff ff 08 40 00 00 00 00 00 73 bb 87 01
machine 1760894708 - ff ff 46 40 00 00 00 00 00 06 6d 02 00 00 00 01 00 00 00 00 00 00 00 00 04 01 02 01 00 00 00 00 0a 0f 08 07 05 05 05 00 01 69 00 00 00 24 01 4c 24 02 01 00 00 00 00 00 00 00 00 00 00 00 00 00 00 00 00 00 00 00 00 00 3d 67 40
modem 1760894708 - ff ff 08 40 00 00 00 00 00 05 4d 61 80
machine 1760894708 - ff ff 12 40 00 00 00 00 00 74 0f 5a 00 00 00 00 00 00 00 00 2f cb 99
machine 1760894711 - ff ff 43 40 00 00 00 00 00 06 6d 01 01 30 10 03 00 00 00 20 04 03 05 01 00 01 02 30 00 00 00 00 0a 0f 08 14 05 05 06 05 04 1a 04 1a 04 1a 00 00 00 00 00 00 00 00 00 00 00 00 00 00 00 01 00 00 00 00 00 01 00 41 7d f0
modem 1760894711 - ff ff 08 40 00 00 00 00 00 05 4d 61 80
modem 1760894711 - ff ff 19 40 00 00 00 00 00 11 00 f0 38 36 32 38 31 37 30 36 38 33 36 37 39 34 39 7e cc 81
machine 1760894711 - ff ff 08 40 00 00 00 00 00 05 4d 61 80
modem 1760894715 - ff ff 19 40 00 00 00 00 00 11 00 f0 38 36 32 38 31 37 30 36 38 33 36 37 39 34 39 7e cc 81
machine 1760894715 - ff ff 08 40 00 00 00 00 00 05 4d 61 80
machine 1760894717 - ff ff 25 40 00 00 00 00 00 12 10 02 00 01 e6 2e cd 0f 1a 7a 35 74 01 38 93 79 42 3b 3a d2 d1 bc 44 41 11 59 ea 5a ab f0 28 00
modem 1760894717 - ff ff 08 40 00 00 00 00 00 05 4d 61 80
modem 1760894718 - ff ff 0a 40 00 00 00 00 00 f3 00 00 3d d0 e1
modem 1760894718 - ff ff 22 40 00 00 00 00 00 f7 01 03 01 08 00 01 00 00 00 00 03 00 02 06 01 00 01 00 02 00 03 04 00 01 17 00 95 22 14
machine 1760894718 - ff ff 08 40 00 00 00 00 00 05 4d 61 80
modem 1760894719 - ff ff 0a 40 00 00 00 00 00 f5 00 00 3f d1 01
modem 1760894719 - ff ff 0a 40 00 00 00 00 00 f5 00 00 3f d1 01
modem 1760894719 - ff ff 0a 40 00 00 00 00 00 f5 00 00 3f d1 01
modem 1760894719 - ff ff 19 40 00 00 00 00 00 11 00 f0 38 36 32 38 31 37 30 36 38 33 36 37 39 34 39 7e cc 81
machine 1760894719 - ff ff 08 40 00 00 00 00 00 05 4d 61 80
modem 1760894721 - ff ff 25 40 00 00 00 00 00 11 10 02 00 01 79 42 61 53 6f 53 56 39 01 83 ca 66 a0 e7 9a 67 48 70 9f d2 f6 ec 4f ac 72 fd 3c e3
machine 1760894721 - ff ff 08 40 00 00 00 00 00 05 4d 61 80
machine 1760894721 - ff ff 43 40 00 00 00 00 00 06 6d 01 01 30 30 03 00 00 00 20 04 03 05 01 00 01 02 30 00 00 00 00 0a 0f 08 14 05 05 06 05 04 1a 04 1a 04 1a 00 00 00 00 00 00 00 00 00 00 00 00 00 00 00 01 00 00 00 00 00 01 00 61 c8 a5
machine 1760894722 - ff ff 43 40 00 00 00 00 00 06 6d 01 01 30 30 03 00 00 00 20 04 03 05 01 00 01 02 30 00 00 00 00 0a 0f 08 14 05 05 06 05 04 1a 04 1a 04 1a 00 00 00 00 00 00 00 00 00 00 00 00 00 00 00 01 00 00 00 00 00 01 00 61 c8 a5
modem 1760894722 - ff ff 08 40 00 00 00 00 00 05 4d 61 80
modem 1760894722 - ff ff 08 40 00 00 00 00 00 05 4d 61 80
modem 1760894723 - ff ff 19 40 00 00 00 00 00 11 00 f0 38 36 32 38 31 37 30 36 38 33 36 37 39 34 39 7e cc 81
machine 1760894723 - ff ff 08 40 00 00 00 00 00 05 4d 61 80
modem 1760894726 - ff ff 20 40 00 00 00 00 00 11 10 00 68 f5 1f 06 07 e9 0a 14 01 19 1a 02 00 08 00 00 00 00 00 00 00 00 4f 64 b5
machine 1760894726 - ff ff 08 40 00 00 00 00 00 05 4d 61 80
modem 1760894727 - ff ff 19 40 00 00 00 00 00 11 00 f0 38 36 32 38 31 37 30 36 38 33 36 37 39 34 39 7e cc 81
machine 1760894727 - ff ff 08 40 00 00 00 00 00 05 4d 61 80
modem 1760894729 - ff ff 08 40 00 00 00 00 00 09 51 64 80
machine 1760894729 - ff ff 08 40 00 00 00 00 00 05 4d 61 80
modem 1760894737 - ff ff 22 40 00 00 00 00 00 f7 01 03 01 08 00 01 00 00 00 00 03 00 02 06 01 00 01 00 02 00 03 04 00 02 18 00 97 d2 e1
machine 1760894737 - ff ff 08 40 00 00 00 00 00 05 4d 61 80
modem 1760894737 - ff ff 08 40 00 00 00 00 00 eb 33 2d 00
machine 1760894737 - ff ff 2e 40 00 00 00 00 00 ec 43 45 41 42 39 55 51 30 30 00 00 00 00 00 00 00 00 00 00 00 30 30 30 30 30 30 32 30 32 34 31 32 32 34 02 22 01 00 7a 63 1b
modem 1760894737 - ff ff 09 40 00 00 00 00 00 e9 00 32 f0 21
machine 1760894737 - ff ff 2c 40 00 00 00 00 00 ea 00 30 30 32 31 38 30 30 30 37 38 45 48 44 35 31 30 38 44 55 5a 30 30 30 30 30 30 32 30 32 34 31 32 32 34 01 94 88 58
modem 1760894738 - ff ff 22 40 00 00 00 00 00 f7 01 03 01 08 00 01 00 00 00 00 03 00 02 06 01 00 01 00 02 00 03 04 00 02 18 00 97 d2 e1
machine 1760894738 - ff ff 08 40 00 00 00 00 00 05 4d 61 80
bind
modem 1760894760 - 00
machine 1760894760 - 00
machine 1760894760 - ff ff 12 40 00 00 00 00 00 04 0f 5a 00 00 00 00 00 00 00 00 bf 0a 33
modem 1760894761 - ff ff 0a 00 00 00 00 00 00 61 00 07 72
machine 1760894762 - ff ff 2e 40 00 00 00 00 00 62 45 2b 2b 32 2e 31 37 00 32 30 32 34 31 32 32 34 f1 00 00 30 30 30 30 30 30 30 31 00 55 2d 57 4d 54 00 00 00 00 0c bc 74 91
modem 1760894762 - ff ff 08 40 00 00 00 00 00 70 b8 86 41
machine 1760894762 - ff ff 28 40 00 00 00 00 00 71 20 1c 51 89 0c 31 c3 08 05 03 00 21 80 00 78 45 00 00 00 03 00 00 00 00 00 00 00 00 00 00 00 40 a0 ff 55 87
modem 1760894762 - ff ff 0a 40 00 00 00 00 00 01 4d 01 99 b3 b4
machine 1760894762 - ff ff 43 40 00 00 00 00 00 02 6d 01 01 30 10 03 00 00 00 20 04 03 05 01 00 01 02 30 00 00 00 00 0a 0f 08 14 05 05 06 05 04 1a 04 1a 04 1a 00 00 00 00 00 00 00 00 00 00 00 00 00 00 00 01 00 00 00 00 00 01 00 3d 8d f4
modem 1760894762 - ff ff 08 40 00 00 00 00 00 73 bb 87 01
machine 1760894762 - ff ff 46 40 00 00 00 00 00 06 6d 02 00 00 00 01 00 00 00 00 00 00 00 00 04 01 02 01 00 00 00 00 0a 0f 08 07 05 05 05 00 01 69 00 00 00 24 01 4c 24 02 01 00 00 00 00 00 00 00 00 00 00 00 00 00 00 00 00 00 00 00 00 00 3d 67 40
modem 1760894762 - ff ff 08 40 00 00 00 00 00 05 4d 61 80
machine 1760894762 - ff ff 12 40 00 00 00 00 00 74 0f 5a 00 00 00 00 00 00 00 00 2f cb 99
machine 1760894765 - ff ff 43 40 00 00 00 00 00 06 6d 01 01 30 10 03 00 00 00 20 04 03 05 01 00 01 02 30 00 00 00 00 0a 0f 08 14 05 05 06 05 04 1a 04 1a 04 1a 00 00 00 00 00 00 00 00 00 00 00 00 00 00 00 01 00 00 00 00 00 01 00 41 7d f0
modem 1760894765 - ff ff 08 40 00 00 00 00 00 05 4d 61 80
modem 1760894765 - ff ff 19 40 00 00 00 00 00 11 00 f0 38 36 32 38 31 37 30 36 38 33 36 37 39 34 39 7e cc 81
machine 1760894765 - ff ff 08 40 00 00 00 00 00 05 4d 61 80
modem 1760894769 - ff ff 19 40 00 00 00 00 00 11 00 f0 38 36 32 38 31 37 30 36 38 33 36 37 39 34 39 7e cc 81
machine 1760894769 - ff ff 08 40 00 00 00 00 00 05 4d 61 80
machine 1760894771 - ff ff 25 40 00 00 00 00 00 12 10 02 00 01 af a5 09 96 54 74 68 0b 01 86 89 93 b5 8c 2d 2f ad 07 5d e6 cf 04 41 51 f1 45 0c 7c
modem 1760894771 - ff ff 08 40 00 00 00 00 00 05 4d 61 80
modem 1760894772 - ff ff 0a 40 00 00 00 00 00 f3 00 00 3d d0 e1
modem 1760894772 - ff ff 22 40 00 00 00 00 00 f7 01 03 01 08 00 01 00 00 00 00 03 00 02 06 01 00 01 00 02 00 03 04 00 02 1b 00 9a 22 e1
machine 1760894772 - ff ff 08 40 00 00 00 00 00 05 4d 61 80
modem 1760894772 - ff ff 0a 40 00 00 00 00 00 f5 00 00 3f d1 01
modem 1760894772 - ff ff 0a 40 00 00 00 00 00 f5 00 00 3f d1 01
modem 1760894773 - ff ff 0a 40 00 00 00 00 00 f5 00 00 3f d1 01
modem 1760894773 - ff ff 25 40 00 00 00 00 00 11 10 02 00 01 4c 4a 79 34 58 69 68 79 01 60 68 89 45 d5 38 12 b5 d8 11 8b 51 7e f3 4c 42 9d 22 1f
modem 1760894773 - ff ff 19 40 00 00 00 00 00 11 00 f0 38 36 32 38 31 37 30 36 38 33 36 37 39 34 39 7e cc 81
machine 1760894773 - ff ff 08 40 00 00 00 00 00 05 4d 61 80
machine 1760894774 - ff ff 43 40 00 00 00 00 00 06 6d 01 01 30 30 03 00 00 00 20 04 03 05 01 00 01 02 30 00 00 00 00 0a 0f 08 14 05 05 06 05 04 1a 04 1a 04 1a 00 00 00 00 00 00 00 00 00 00 00 00 00 00 00 01 00 00 00 00 00 01 00 61 c8 a5
modem 1760894774 - ff ff 08 40 00 00 00 00 00 05 4d 61 80
modem 1760894777 - ff ff 19 40 00 00 00 00 00 11 00 f0 38 36 32 38 31 37 30 36 38 33 36 37 39 34 39 7e cc 81
machine 1760894777 - ff ff 08 40 00 00 00 00 00 05 4d 61 80
modem 1760894778 - ff ff 08 40 00 00 00 00 00 09 51 64 80
machine 1760894778 - ff ff 08 40 00 00 00 00 00 05 4d 61 80
modem 1760894780 - ff ff 20 40 00 00 00 00 00 11 10 00 68 f5 1f 3b 07 e9 0a 14 01 1a 13 02 00 08 00 00 00 00 00 00 00 00 7e 12 cd
machine 1760894780 - ff ff 08 40 00 00 00 00 00 05 4d 61 80
modem 1760894781 - ff ff 19 40 00 00 00 00 00 11 00 f0 38 36 32 38 31 37 30 36 38 33 36 37 39 34 39 7e cc 81
machine 1760894781 - ff ff 08 40 00 00 00 00 00 05 4d 61 80
