ff ff 0a 00 00 00 00 00 00 61 00 07 72
ff ff 08 40 00 00 00 00 00 70 b8 86 41
ff ff 0a 40 00 00 00 00 00 01 4d 01 99 b3 b4
ff ff 08 40 00 00 00 00 00 73 bb 87 01
ff ff 08 40 00 00 00 00 00 05 4d 61 80
ff ff 08 40 00 00 00 00 00 05 4d 61 80
ff ff 19 40 00 00 00 00 00 11 00 f0 38 36 32 38 31 37 30 36 38 33 36 37 39 34 39 7e cc 81
ff ff 19 40 00 00 00 00 00 11 00 f0 38 36 32 38 31 37 30 36 38 33 36 37 39 34 39 7e cc 81
ff ff 08 40 00 00 00 00 00 05 4d 61 80
ff ff 0a 40 00 00 00 00 00 f3 00 00 3d d0 e1
ff ff 22 40 00 00 00 00 00 f7 01 03 01 08 00 01 00 00 00 00 03 00 02 06 01 00 01 00 02 00 03 04 00 01 17 00 95 22 14
ff ff 0a 40 00 00 00 00 00 f5 00 00 3f d1 01
ff ff 0a 40 00 00 00 00 00 f5 00 00 3f d1 01
ff ff 0a 40 00 00 00 00 00 f5 00 00 3f d1 01
ff ff 19 40 00 00 00 00 00 11 00 f0 38 36 32 38 31 37 30 36 38 33 36 37 39 34 39 7e cc 81
ff ff 25 40 00 00 00 00 00 11 10 02 00 01 56 57 65 56 49 43 37 55 01 d2 87 c9 4b 77 9b 59 d7 e2 68 e2 a8 80 ff 55 24 06 8b cf d8
ff ff 08 40 00 00 00 00 00 05 4d 61 80
ff ff 19 40 00 00 00 00 00 11 00 f0 38 36 32 38 31 37 30 36 38 33 36 37 39 34 39 7e cc 81
ff ff 20 40 00 00 00 00 00 11 10 00 68 f4 fb e9 07 e9 0a 13 16 37 25 01 00 08 00 00 00 00 00 00 00 00 49 6f 40
ff ff 19 40 00 00 00 00 00 11 00 f0 38 36 32 38 31 37 30 36 38 33 36 37 39 34 39 7e cc 81
ff ff 22 40 00 00 00 00 00 f7 01 03 01 08 00 01 00 00 00 00 03 00 02 06 01 00 01 00 02 00 03 04 00 02 17 00 96 22 e4
ff ff 08 40 00 00 00 00 00 eb 33 2d 00
ff ff 09 40 00 00 00 00 00 e9 00 32 f0 21
ff ff 08 40 00 00 00 00 00 09 51 64 80
ff ff 22 40 00 00 00 00 00 f7 01 03 01 08 00 01 00 00 00 00 03 00 02 06 01 00 01 00 02 00 03 04 00 02 17 00 96 22 e4
00
ff ff 0a 00 00 00 00 00 00 61 00 07 72
ff ff 08 40 00 00 00 00 00 70 b8 86 41
ff ff 0a 40 00 00 00 00 00 01 4d 01 99 b3 b4
ff ff 08 40 00 00 00 00 00 73 bb 87 01
ff ff 08 40 00 00 00 00
00 05 4d 61 80
ff ff 19 40 00 00 00 00 00 11 00 f0 38 36 32 38 31 37 30 36 38 33 36 37 39 34 39 7e cc 81
ff ff 08 40 00 00 00 00 00 05 4d 61 80
ff ff 19 40 00 00 00 00 00 11 00 f0 38 36 32 38 31 37 30 36 38 33 36 37 39 34 39 7e cc 81
ff ff 08 40 00 00 00 00 00 05 4d 61 80
ff ff 0a 40 00 00 00 00 00 f3 00 00 3d d0 e1
ff ff 22 40 00 00 00 00 00 f7 01 03 01 08 00 01 00 00 00 00 03 00 02 06 01 00 01 00 02 00 03 04 00 02 1b 00 9a 22 e1
ff ff 0a 40 00 00 00 00 00 f5 00 00 3f d1 01
ff ff 0a 40 00 00 00 00 00 f5 00 00 3f d1 01
ff ff 0a 40 00 00 00 00 00 f5 00 00 3f d1 01
ff ff 19 40 00 00 00 00 00 11 00 f0 38 36 32 38 31 37 30 36 38 33 36 37 39 34 39 7e cc 81
ff ff 25 40 00 00 00 00 00 11 10 02 00 01 45 4a 6c 61 32 56 41 54 01 6a a6 0b 61 b4 3a be 0f ce 22 83 f7 d8 ee a2 0f 1b 16 78
ff ff
25 40 00 00 00 00 00 11 10 02 00 01 45 4a 6c 61 32 56 41 54 01 6a a6 0b 61 b4 3a be 0f ce 22 83 f7 d8 ee a2 0f 1b 16 78
ff ff 08 40 00 00 00 00 00 05 4d 61 80
ff ff 08 40 00 00 00 00 00 05 4d 61 80
ff ff 19 40 00 00 00 00 00 11 00 f0 38 36 32 38 31 37 30 36 38 33 36 37 39 34 39 7e cc 81
ff ff 20 40 00 00 00 00 00 11 10 00 68 f4 fc 13 07 e9 0a 13 16 38 13 01 00 08 00 00 00 00 00 00 00 00 63 53 41
ff ff 19 40 00 00 00 00 00 11 00 f0 38 36 32 38 31 37 30 36 38 33 36 37 39 34 39 7e cc 81
ff ff 08 40 00 00 00 00 00 09 51 64 80
ff ff 22 40 00 00 00 00 00 f7 01 03 01 08 00 01 00 00 00 00 03 00 02 06 01 00 01 00 02 00 03 04 00 02 1b 00 9a 22 e1
ff ff 08 40 00 00 00 00 00 eb 33 2d 00
ff ff 09 40 00 00 00 00 00 e9 00 32 f0 21
ff ff 22 40 00 00 00 00 00 f7 01 03 01 08 00 01 00 00 00 00 03 00 02 06 01 00 01 00 02 00 03 04 00 02 1b 00 9a 22 e1
00
ff ff 0a 00 00 00 00 00 00 61 00 07 72
ff ff 08 40 00 00 00 00 00 70 b8 86 41
ff ff 0a 40 00 00 00 00 00 01 4d 01 99 b3 b4
ff ff 08 40 00 00 00 00 00 73 bb 87 01
ff ff 08 40 00 00 00 00 00 05 4d 61 80
ff ff 08 40 00 00 00 00 00 05 4d 61 80
ff ff 19 40 00 00 00 00 00 11 00 f0 38 36 32 38 31 37 30 36 38 33 36 37 39 34 39 7e cc 81
ff ff 19 40 00 00 00 00 00 11 00 f0 38 36 32 38 31 37 30 36 38 33 36 37 39 34 39 7e cc 81
ff ff 08 40 00 00 00 00 00 05 4d 61 80
ff ff 0a 40 00 00 00 00 00 f3 00 00 3d d0 e1
ff ff 22 40 00 00 00 00 00 f7 01 03 01 08 00 01 00 00 00 00 03 00 02 06 01 00 01 00 02 00 03 04 00 01 18 00 96 d2 11
ff ff 0a 40 00 00 00 00 00 f5 00 00 3f d1 01
ff ff 0a 40 00 00 00 00 00 f5 00 00 3f d1 01
ff ff 0a 40 00 00 00 00 00 f5 00 00 3f d1 01
ff ff 19 40 00 00 00 00 00 11 00 f0 38 36 32 38 31 37 30 36 38 33 36 37 39 34 39 7e cc
81
ff ff 08 40 00 00 00 00 00 05 4d 61 80
ff ff 25 40 00 00 00 00 00 11 10 02 00 01 33 33 75 68 42 57 64 57 01 ed 2b 57 22 26 be 89 95 37 00 2f bf 65 7f 76 f2 25 d9 ce
ff ff 19 40 00 00 00 00 00 11 00 f0 38 36 32 38 31 37 30
36 38 33 36 37 39 34 39 7e cc 81
ff ff 08 40 00 00 00 00 00 05 4d 61 80
ff ff 20 40 00 00 00 00 00 11 10 00 68 f4 fc 60 07 e9 0a 13 16 39 24 01 00 08 00 00 00 00 00 00 00 00 c2 d6 e8
ff ff 25 40 00 00 00 00 00 11 10 02 00 01 66 42 35 7a 41 6b 47 6f 01 c7 35 64 d3 6c 88 e7 d5 a8 90 7e 6f 4c 77 56 3d a1 95 4a
ff ff 19 40 00 00 00 00 00 11 00 f0 38 36 32 38 31 37 30 36 38 33 36 37 39 34 39 7e cc 81
ff ff 22 40 00 00 00 00 00 f7 01 03 01 08 00 01 00 00 00 00 03 00 02 06 01 00 01 00 02 00 03 04 00 00 18 00 95 12 40
ff ff 08 40 00 00 00 00 00 eb 33 2d 00
ff ff 09 40 00 00 00 00 00 e9 00 32 f0 21
ff ff 22 40 00 00 00 00 00 f7 01 03 01 08 00 01 00 00 00 00 03 00 02 06 01 00 01 00 02 00 03 04 00 00 18 00 95 12 40
ff ff 22 40 00 00 00 00 00 f7 01 03 01 08 00 01 00 00 00 00 03 00 02 06 01 00 01 00 02 00 03 04 00 02 18 00 97 d2 e1
ff ff 08 40 00 00 00 00 00 09 51 64 80
ff ff 0a 00 00 00 00 00 00 61 00 07 72
ff ff 08 40 00 00 00 00 00 70 b8 86 41
ff ff 0a 40 00 00 00 00 00 01 4d 01 99 b3 b4
ff ff 08 40 00 00 00 00 00 73 bb 87 01
ff ff 08 40 00 00 00 00 00 05 4d 61 80
ff ff 19 40 00 00 00 00 00 11 00 f0 38 36 32 38 31 37 30 36 38 33 36 37 39 34 39 7e cc 81
ff ff 08 40 00 00 00 00 00 05 4d 61 80
ff ff 19 40 00 00 00 00 00 11 00 f0 38 36 32 38 31 37 30 36 38 33 36 37 39 34 39 7e cc 81
ff ff 08 40 00 00 00 00 00 05 4d 61 80
ff ff 0a 40 00 00 00 00 00 f3 00 00 3d d0 e1
ff ff 22 40 00 00 00 00 00 f7 01 03 01 08 00 01 00 00 00 00 03 00 02 06 01 00 01 00 02 00 03 04 00 01 1c 00 9a 12 13
ff ff 0a 40 00 00 00 00 00 f5 00 00 3f d1 01
ff ff 0a 40 00 00 00 00 00 f5 00 00 3f d1 01
ff ff 0a 40 00 00 00 00 00 f5 00 00 3f d1 01
ff ff 19 40 00 00 00 00 00
11 00 f0 38 36 32 38 31 37 30 36 38 33 36 37 39 34 39 7e cc 81
ff ff 25 40 00 00 00 00 00 11 10 02 00 01 61 39 58 4d 50 57 69 4d 01 d7 c7 b7 4e e5 a5 6f ac 79 f1 d7 24 79 0f fd 8d e5 d8 23
ff ff 08 40 00 00 00 00 00 05 4d 61 80
ff ff 19 40 00 00 00 00 00 11 00 f0 38 36 32 38 31 37 30 36 38 33 36 37 39 34 39 7e cc 81
ff ff 20 40 00 00 00 00 00 11 10 00 68 f4 fc 96 07 e9 0a 13 16 3a 1e 01 00 08 00 00 00 00 00 00 00 00 f3 d0 4e
ff ff 19 40 00 00 00 00 00 11 00 f0 38 36 32 38 31 37 30 36 38 33 36 37 39 34 39 7e cc 81
ff ff 08 40 00 00 00 00 00 09 51 64 80
00
ff ff 0a 00 00 00 00 00 00 61 00 07 72
ff ff 08 40 00 00 00 00 00 70 b8 86 41
ff ff 0a 40 00 00 00 00 00 01 4d 01 99 b3 b4
ff ff 08 40 00 00 00 00 00 73 bb 87 01
ff ff 08 40 00 00 00 00 00 05 4d 61 80
ff ff 19 40 00 00 00 00 00 11 00 f0 38 36 32 38 31 37 30 36 38 33 36 37 39 34 39 7e cc 81
ff ff 08 40 00 00 00 00 00 05 4d 61 80
ff ff 19 40 00 00 00 00 00 11 00 f0 38 36 32 38 31 37 30 36 38 33 36 37 39 34 39 7e cc 81
ff ff 08 40 00 00 00 00 00 05 4d 61 80
ff ff 0a 40 00 00 00 00 00 f3 00 00 3d d0 e1
ff ff 22 40 00 00 00 00 00 f7 01 03 01 08 00 01 00 00 00 00 03 00 02 06 01 00 01 00 02 00 03 04 00 01 18 00 96 d2 11
ff ff 0a 40 00 00 00 00 00 f5 00 00 3f d1 01
ff ff 0a 40 00 00 00 00 00 f5 00 00 3f d1 01
ff ff 0a 40 00 00 00 00 00 f5 00 00 3f d1 01
ff ff 19 40 00 00 00 00 00 11 00 f0 38 36 32 38 31 37 30 36 38 33 36 37 39 34 39 7e cc 81
ff ff 08 40 00 00 00 00 00 05 4d 61 80
ff ff 19 40 00 00 00 00 00 11 00 f0 38 36 32 38 31 37 30 36 38 33 36 37 39 34 39 7e cc 81
ff ff 25 40 00 00 00 00 00 11 10 02 00 01 63 36 61 77 46 7a 65 42 01 c8 8d a2 5b 90 0b
01 75 02 a0 ee f3 a0 e1 ec 4c 01 af 48
ff ff 08 40 00 00 00 00 00 05 4d 61 80
ff ff 25 40 00 00 00 00 00 11 10 02 00 01 51 58 49 32 37 51 50 50 01 2a 54 fc 5d 84 23 91 54 91 4f f9 7b 06 fd da 5e c8 ca bc
ff ff 20 40 00 00 00 00 00 11 10 00 68 f4 fc ad 07 e9 0a 13 16 3a 35 01 00 08 00 00 00 00 00 00 00 00 21 95 c3
ff ff 19 40 00 00 00 00 00 11 00 f0 38 36 32 38 31 37 30 36 38 33 36 37 39 34 39 7e cc 81
