ff ff 12 40 00 00 00 00 00 04 0f 5a 00 00 00 00 00 00 00 00 bf 0a 33
ff ff 2e 40 00 00 00 00 00 62 45 2b 2b 32 2e 31 37 00 32 30 32 34 31 32 32 34 f1 00 00 30 30 30 30 30 30 30 31 00 55 2d 57 4d 54 00 00 00 00 0c bc 74 91
ff ff 28 40 00 00 00 00 00 71 20 1c 51 89 0c 31 c3 08 05 03 00 21 80 00 78 45 00 00 00 03 00 00 00 00 00 00 00 00 00 00 00 40 a0 ff 55 87
ff ff 43 40 00 00 00 00 00 02 6d 01 01 30 10 03 00 00 00 20 04 03 05 01 00 01 02 30 00 00 00 00 0a 0f 08 14 05 05 06 05 04 1a 04 1a 04 1a 00 00 00 00 00 00 00 00 00 00 00 00 00 00 00 01 00 00 00 00 00 01 00 3d 8d f4
ff ff 46 40 00 00 00 00 00 06 6d 02 00 00 00 01 00 00 00 00 00 00 00 00 04 01 02 01 00 00 00 00 0a 0f 08 07 05 05 05 00 01 69 00 00 00 24 01 4c 24 02 01 00 00 00 00 00 00 00 00 00 00 00 00 00 00 00 00 00 00 00 00 00 3d 67 40
ff ff 12 40 00 00 00 00 00 74 0f 5a 00 00 00 00 00 00 00 00 2f cb 99
ff ff 43 40 00 00 00 00 00 06 6d 01 01 30 10 03 00 00 00 20 04 03 05 01 00 01 02 30 00 00 00 00 0a 0f 08 14 05 05 06 05 04 1a 04 1a 04 1a 00 00 00 00 00 00 00 00 00 00 00 00 00 00 00 01 00 00 00 00 00 01 00 41 7d f0
ff ff 08 40 00 00 00 00 00 05 4d 61 80
ff ff 08 40 00 00 00 00 00 05 4d 61 80
ff ff 25 40 00 00 00 00 00 12 10 02 00 01 db 61 6e 43 47 1e 37 4f 01 79 6d 40 1a 35 74 79 8c 91 0b 91 39 00 02 e9 a8 4a 19 5f
ff ff 08 40 00 00 00 00 00 05 4d 61 80
ff ff 08 40 00 00 00 00 00 05 4d 61 80
ff ff 08 40 00 00 00 00 00 05 4d 61 80
ff ff 43 40 00 00 00 00 00 06 6d 01 01 30 30 03 00 00 00 20 04 03 05 01 00 01 02 30 00 00 00 00 0a 0f 08 14 05 05 06 05 04 1a 04 1a 04 1a 00 00 00 00 00 00 00 00 00 00 00 00 00 00 00 01 00 00 00 00 00 01 00 61 c8 a5
ff ff 08 40 00 00 00 00 00 05 4d 61 80
ff ff 08 40 00 00 00 00 00 05 4d 61 80
ff ff 08 40 00 00 00 00 00 05 4d 61 80
ff ff 08 40 00 00 00 00 00 05 4d 61 80
ff ff 2e 40 00 00 00 00 00 ec 43 45 41 42 39 55 51 30 30 00 00 00 00 00 00 00 00 00 00 00 30 30 30 30 30 30 32 30 32 34 31 32 32 34 02 22 01 00 7a 63 1b
ff ff 2c 40 00 00 00 00 00 ea 00 30 30 32 31 38 30 30 30 37 38 45 48 44 35 31 30 38 44 55 5a 30 30 30 30 30 30 32 30 32 34 31 32 32 34 01 94 88 58
ff ff 08 40 00 00 00 00 00 05 4d 61 80
ff ff 08 40 00 00 00 00 00 05 4d 61 80
00
ff ff 12 40 00 00 00 00 00 04 0f 5a 00 00 00 00 00 00 00 00 bf 0a 33
ff ff 2e 40 00 00 00 00 00 62 45 2b 2b 32 2e 31 37 00 32 30 32 34 31 32 32 34 f1 00 00 30 30 30 30 30 30 30 31 00 55 2d 57 4d 54 00 00 00 00 0c bc 74 91
ff ff 28 40 00 00 00 00 00 71 20 1c 51 89 0c 31 c3 08 05 03 00 21 80 00 78 45 00 00 00 03 00 00 00 00 00 00 00 00 00 00 00 40 a0 ff 55 87
ff ff 43 40 00 00 00 00 00 02 6d 01 01 30 10 03 00 00 00 20 04 03 05 01 00 01 02 30 00 00 00 00 0a 0f 08 14 05 05 06 05 04 1a 04 1a 04 1a 00 00 00 00 00 00 00 00 00 00 00 00 00 00 00 01 00 00 00 00 00 01 00 3d 8d f4
ff ff 46 40 00 00 00 00 00 06 6d 02 00 00 00 01 00 00 00 00 00 00 00 00 04 01 02 01 00 00 00 00 0a 0f 08 07 05 05 05 00 01 69 00 00 00 24 01 4c 24 02 01 00 00 00 00 00 00 00 00 00 00 00 00 00 00 00 00 00 00 00 00 00 3d 67 40
ff ff 12 40 00 00 00 00 00 74 0f 5a 00 00 00 00 00 00 00 00 2f cb 99
ff ff 08 40 00 00 00 00 00 05 4d 61 80
ff ff 43 40 00 00 00 00 00 06 6d 01 01 30 10 03 00 00 00 20 04 03 05 01 00 01 02 30 00 00 00 00 0a 0f 08 14 05 05 06 05 04 1a 04 1a 04 1a 00 00 00 00 00 00 00 00 00 00 00 00 00 00 00 01 00 00 00 00 00 01 00 41 7d f0
ff ff 08 40 00 00 00 00 00 05 4d 61 80
ff ff 25 40 00 00 00 00 00 12 10 02 00 01 75 5a af 88 e5 c8 52 70 01 3f 8e 46 d1 bb 19 63 34 9e dd c7 06 91 ed 68 4c c9 74 92
ff ff 08 40 00 00 00 00 00 05 4d 61 80
ff ff 08 40 00 00 00 00 00 05 4d 61 80
ff ff 08 40 00 00 00 00 00 05 4d 61 80
ff ff 43 40 00 00 00 00 00 06 6d 01 01 30 30 03 00 00 00 20 04 03 05 01 00 01 02 30 00 00 00 00 0a 0f 08 14 05 05 06 05 04 1a 04 1a 04 1a 00 00 00 00 00 00 00 00 00 00 00 00 00 00 00 01 00 00 00 00 00 01 00 61 c8 a5
ff ff 08 40 00 00 00 00 00 05 4d 61 80
ff ff 43 40 00 00 00 00 00 06 6d 01 01 30 30 03 00 00 00 20 04 03 05 01 00 01 02 30 00 00 00 00 0a 0f 08 14 05 05 06 05 04 1a 04 1a 04 1a 00 00 00 00 00 00 00 00 00 00 00 00 00 00 00 01 00 00 00 00 00 01 00 61 c8 a5
ff ff 08 40 00 00 00 00 00 05 4d 61 80
ff ff 08 40 00 00 00 00 00 05 4d 61 80
ff ff 08 40 00 00 00 00 00 05 4d 61 80
ff ff 08 40 00 00 00 00 00 05 4d 61 80
ff ff 08 40 00 00 00 00 00 05 4d 61 80
ff ff 2e 40 00 00 00 00 00 ec 43 45 41 42 39 55 51 30 30 00 00 00 00 00 00 00 00 00 00 00 30 30 30 30 30 30 32 30 32 34 31 32 32 34 02 22 01 00 7a 63 1b
ff ff 2c 40 00 00 00 00 00 ea 00 30 30 32 31 38 30 30 30 37 38 45 48 44 35 31 30 38 44 55 5a 30 30 30 30 30 30 32 30 32 34 31 32 32 34 01 94 88 58
ff ff 08 40 00 00 00 00 00 05 4d 61 80
00
ff ff 12 40 00 00 00 00 00 04 0f 5a 00 00 00 00 00 00 00 00 bf 0a 33
ff ff 2e 40 00 00 00 00 00 62 45 2b 2b 32 2e 31 37 00 32 30 32 34 31 32 32 34 f1 00 00 30 30 30 30 30 30 30 31 00 55 2d 57 4d 54 00 00 00 00 0c bc 74 91
ff ff 28 40 00 00 00 00 00 71 20 1c 51 89 0c 31 c3 08 05 03 00 21 80 00 78 45 00 00 00 03 00 00 00 00 00 00 00 00 00 00 00 40 a0 ff 55 87
ff ff 43 40 00 00 00 00 00 02 6d 01 01 30 10 03 00 00 00 20 04 03 05 01 00 01 02 30 00 00 00 00 0a 0f 08 14 05 05 06 05 04 1a 04 1a 04 1a 00 00 00 00 00 00 00 00 00 00 00 00 00 00 00 01 00 00 00 00 00 01 00 3d 8d f4
ff ff 46 40 00 00 00 00 00 06 6d 02 00 00 00 01 00 00 00 00 00 00 00 00 04 01 02 01 00 00 00 00 0a 0f 08 07 05 05 05 00 01 69 00 00 00 24 01 4c 24 02 01 00 00 00 00 00 00 00 00 00 00 00 00 00 00 00 00 00 00 00 00 00 3d 67 40
ff ff 12 40 00 00 00 00 00 74 0f 5a 00 00 00 00 00 00 00 00 2f cb 99
ff ff 43 40 00 00 00 00 00 06 6d 01 01 30 10 03 00 00 00 20 04 03 05 01 00 01 02 30 00 00 00 00 0a 0f 08 14 05 05 06 05 04 1a 04 1a 04 1a 00 00 00 00 00 00 00 00 00 00 00 00 00 00 00 01 00 00 00 00 00 01 00 41 7d f0
ff ff 08 40 00 00 00 00 00 05 4d 61 80
ff ff 08 40 00 00 00 00 00 05 4d 61 80
ff ff 25 40 00 00 00 00 00 12 10 02 00 01 bf 11 eb 49 2c c5 3f a5 01 9c d8 61 b1 68 08 f5 80 f5 21 cf 37 2f 3c 3a 74 04 51 cc
ff ff 08 40 00 00 00 00 00 05 4d 61 80
ff ff 08 40 00 00 00 00 00 05 4d 61 80
ff ff 25 40 00 00 00 00 00 12 10 02 00 01 bf 11 eb 49 2c c5 3f a5 01 9c d8 61 b1 68 08 f5 80 f5 21 cf 37 2f 3c 3a 74 04 51 cc
ff ff 08 40 00 00 00 00 00 05 4d 61 80
ff ff 08 40 00 00 00 00 00 05 4d 61 80
ff ff 43 40 00 00 00 00 00 06 6d 01 01 30 30 03 00 00 00 20 04 03 05 01 00 01 02 30 00 00 00 00 0a 0f 08 14 05 05 06 05 04 1a 04 1a 04 1a 00 00 00 00 00 00 00 00 00 00 00 00 00 00 00 01 00 00 00 00 00 01 00 61 c8 a5
ff ff 08 40 00 00 00 00 00 05 4d 61 80
ff ff 08 40 00 00 00 00 00 05 4d 61 80
ff ff 08 40 00 00 00 00 00 05 4d 61 80
ff ff 08 40 00 00 00 00 00 05 4d 61 80
ff ff 2e 40 00 00 00 00 00 ec 43 45 41 42 39 55 51 30 30 00 00 00 00 00 00 00 00 00 00 00 30 30 30 30 30 30 32 30 32 34 31 32 32 34 02 22 01 00 7a 63 1b
ff ff 2c 40 00 00 00 00 00 ea 00 30 30 32 31 38 30 30 30 37 38 45 48 44 35 31 30 38 44 55 5a 30 30 30 30 30 30 32 30 32 34 31 32 32 34 01 94 88 58
ff ff 08 40 00 00 00 00 00 05 4d 61 80
ff ff 08 40 00 00 00 00 00 05 4d 61 80
ff ff 08 40 00 00 00 00 00 05 4d 61 80
ff ff 12 40 00 00 00 00 00 04 0f 5a 00 00 00 00 00 00 00 00 bf 0a 33
ff ff 2e 40 00 00 00 00 00 62 45 2b 2b 32 2e 31 37 00 32 30 32 34 31 32 32 34 f1 00 00 30 30 30 30 30 30 30 31 00 55 2d 57 4d 54 00 00 00 00 0c bc 74 91
ff ff 28 40 00 00 00 00 00 71 20 1c 51 89 0c 31 c3 08 05 03 00 21 80 00 78 45 00 00 00 03 00 00 00 00 00 00 00 00 00 00 00 40 a0 ff 55 87
ff ff 43 40 00 00 00 00 00 02 6d 01 01 30 10 03 00 00 00 20 04 03 05 01 00 01 02 30 00 00 00 00 0a 0f 08 14 05 05 06 05 04 1a 04 1a 04 1a 00 00 00 00 00 00 00 00 00 00 00 00 00 00 00 01 00 00 00 00 00 01 00 3d 8d f4
ff ff 46 40 00 00 00 00 00 06 6d 02 00 00 00 01 00 00 00 00 00 00 00 00 04 01 02 01 00 00 00 00 0a 0f 08 07 05 05 05 00 01 69 00 00 00 24 01 4c 24 02 01 00 00 00 00 00 00 00 00 00 00 00 00 00 00 00 00 00 00 00 00 00 3d 67 40
ff ff 12 40 00 00 00 00 00 74 0f 5a 00 00 00 00 00 00 00 00 2f cb 99
ff ff 08 40 00 00 00 00 00 05 4d 61 80
ff ff 43 40 00 00 00 00 00 06 6d 01 01 30 10 03 00 00 00 20 04 03 05 01 00 01 02 30 00 00 00 00 0a 0f 08 14 05 05 06 05 04 1a 04 1a 04 1a 00 00 00 00 00 00 00 00 00 00 00 00 00 00 00 01 00 00 00 00 00 01 00 41 7d f0
ff ff 08 40 00 00 00 00 00 05 4d 61 80
ff ff 25 40 00 00 00 00 00 12 10 02 00 01 75 02 01 76 e6 bd 91 84 01 d6 8f c6 56 aa 32 37 5b 4e d2 0e 68 d6 f5 2c 9b 48 05 55
ff ff 08 40 00 00 00 00 00 05 4d 61 80
ff ff 08 40 00 00 00 00 00 05 4d 61 80
ff ff 08 40 00 00 00 00 00 05 4d 61 80
ff ff 43 40 00 00 00 00 00 06 6d 01 01 30 30 03 00 00 00 20 04 03 05 01 00 01 02 30 00 00 00 00 0a 0f 08 14 05 05 06 05 04 1a 04 1a 04 1a 00 00 00 00 00 00 00 00 00 00 00 00 00 00 00 01 00 00 00 00 00 01 00 61 c8 a5
ff ff 08 40 00 00 00 00 00 05 4d 61 80
ff ff 08 40 00 00 00 00 00 05 4d 61 80
ff ff 08 40 00 00 00 00 00 05 4d 61 80
ff ff 08 40 00 00 00 00 00 05 4d 61 80
00
ff ff 12 40 00 00 00 00 00 04 0f 5a 00 00 00 00 00 00 00 00 bf 0a 33
ff ff 2e 40 00 00 00 00 00 62 45 2b 2b 32 2e 31 37 00 32 30 32 34 31 32 32 34 f1 00 00 30 30 30 30 30 30 30 31 00 55 2d 57 4d 54 00 00 00 00 0c bc 74 91
ff ff 28 40 00 00 00 00 00 71 20 1c 51 89 0c 31 c3 08 05 03 00 21 80 00 78 45 00 00 00 03 00 00 00 00 00 00 00 00 00 00 00 40 a0 ff 55 87
ff ff 43 40 00 00 00 00 00 02 6d 01 01 30 10 03 00 00 00 20 04 03 05 01 00 01 02 30 00 00 00 00 0a 0f 08 14 05 05 06 05 04 1a 04 1a 04 1a 00 00 00 00 00 00 00 00 00 00 00 00 00 00 00 01 00 00 00 00 00 01 00 3d 8d f4
ff ff 46 40 00 00 00 00 00 06 6d 02 00 00 00 01 00 00 00 00 00 00 00 00 04 01 02 01 00 00 00 00 0a 0f 08 07 05 05 05 00 01 69 00 00 00 24 01 4c 24 02 01 00 00 00 00 00 00 00 00 00 00 00 00 00 00 00 00 00 00 00 00 00 3d 67 40
ff ff 12 40 00 00 00 00 00 74 0f 5a 00 00 00 00 00 00 00 00 2f cb 99
ff ff 08 40 00 00 00 00 00 05 4d 61 80
ff ff 43 40 00 00 00 00 00 06 6d 01 01 30 10 03 00 00 00 20 04 03 05 01 00 01 02 30 00 00 00 00 0a 0f 08 14 05 05 06 05 04 1a 04 1a 04 1a 00 00 00 00 00 00 00 00 00 00 00 00 00 00 00 01 00 00 00 00 00 01 00 41 7d f0
ff ff 08 40 00 00 00 00 00 05 4d 61 80
ff ff 25 40 00 00 00 00 00 12 10 02 00 01 1b 0c b9 e5 ee 88 54 1f 01 b6 48 e0 39 23 22 81 a0 39 80 13 9f be 98 c4 ed 28 01 8b
ff ff 08 40 00 00 00 00 00 05 4d 61 80
ff ff 08 40 00 00 00 00 00 05 4d 61 80
ff ff 25 40 00 00 00 00 00 12 10 02 00 01 1b 0c b9 e5 ee 88 54 1f 01 b6 48 e0 39 23 22 81 a0 39 80 13 9f be 98 c4 ed 28 01 8b
ff ff 08 40 00 00 00 00 00 05 4d 61 80
ff ff 08 40 00 00 00 00 00 05 4d 61 80
ff ff 43 40 00 00 00 00 00 06 6d 01 01 30 30 03 00 00 00 20 04 03 05 01 00 01 02 30 00 00 00 00 0a 0f 08 14 05 05 06 05 04 1a 04 1a 04 1a 00 00 00 00 00 00 00 00 00 00 00 00 00 00 00 01 00 00 00 00 00 01 00 61 c8 a5
ff ff 08 40 00 00 00 00 00 05 4d 61 80
ff ff 08 40 00 00 00 00 00 05 4d 61 80
ff ff 08 40 00 00 00 00 00 05 4d 61 80
